SimulationTime 3600
SimulationStepTime 60
Conductivity 390
InitialTemp 20
Density 8900
SpecificHeat 390
Nodes_number 844
Triangle_number 1417
Quad_number 0
*Nodes
0, 0, 0
1, 0.00244186, 0
2, 0.00488372, 0
3, 0.00732558, 0
4, 0.00976744, 0
5, 0.0122093, 0
6, 0.0146512, 0
7, 0.017093, 0
8, 0.0195349, 0
9, 0.0219767, 0
10, 0.0244186, 0
11, 0.0268605, 0
12, 0.0293023, 0
13, 0.0317442, 0
14, 0.034186, 0
15, 0.0366279, 0
16, 0.0390698, 0
17, 0.0415116, 0
18, 0.0439535, 0
19, 0.0463954, 0
20, 0.0488372, 0
21, 0.0512791, 0
22, 0.0537209, 0
23, 0.0561628, 0
24, 0.0586047, 0
25, 0.0610465, 0
26, 0.0634884, 0
27, 0.0659302, 0
28, 0.0683721, 0
29, 0.070814, 0
30, 0.0732558, 0
31, 0.0756977, 0
32, 0.0781395, 0
33, 0.0805814, 0
34, 0.0830233, 0
35, 0.0854651, 0
36, 0.087907, 0
37, 0.0903488, 0
38, 0.0927907, 0
39, 0.0952326, 0
40, 0.0976744, 0
41, 0.100116, 0
42, 0.102558, 0
43, 0.105, -0
44, 0.105, -0.0025
45, 0.105, -0.005
46, 0.105, -0.0075
47, 0.105, -0.01
48, 0.105, -0.0125
49, 0.105, -0.015
50, 0.105, -0.0175
51, 0.105, -0.02
52, 0.105, -0.0225
53, 0.105, -0.025
54, 0.105, -0.0275
55, 0.105, -0.03
56, 0.1025, -0.03
57, 0.1, -0.03
58, 0.1, -0.0275
59, 0.1, -0.025
60, 0.1, -0.0225
61, 0.1, -0.02
62, 0.1, -0.0175
63, 0.1, -0.015
64, 0.1, -0.0125
65, 0.1, -0.01
66, 0.0975, -0.01
67, 0.095, -0.01
68, 0.095, -0.0125
69, 0.095, -0.015
70, 0.095, -0.0175
71, 0.095, -0.02
72, 0.095, -0.0225
73, 0.095, -0.025
74, 0.095, -0.0275
75, 0.095, -0.03
76, 0.0925, -0.03
77, 0.09, -0.03
78, 0.09, -0.0275
79, 0.09, -0.025
80, 0.09, -0.0225
81, 0.09, -0.02
82, 0.09, -0.0175
83, 0.09, -0.015
84, 0.09, -0.0125
85, 0.09, -0.01
86, 0.0875, -0.01
87, 0.085, -0.01
88, 0.085, -0.0125
89, 0.085, -0.015
90, 0.085, -0.0175
91, 0.085, -0.02
92, 0.085, -0.0225
93, 0.085, -0.025
94, 0.085, -0.0275
95, 0.085, -0.03
96, 0.0825, -0.03
97, 0.08, -0.03
98, 0.08, -0.0275
99, 0.08, -0.025
100, 0.08, -0.0225
101, 0.08, -0.02
102, 0.08, -0.0175
103, 0.08, -0.015
104, 0.08, -0.0125
105, 0.08, -0.01
106, 0.0775, -0.01
107, 0.075, -0.01
108, 0.075, -0.0125
109, 0.075, -0.015
110, 0.075, -0.0175
111, 0.075, -0.02
112, 0.075, -0.0225
113, 0.075, -0.025
114, 0.075, -0.0275
115, 0.075, -0.03
116, 0.0725, -0.03
117, 0.07, -0.03
118, 0.07, -0.0275
119, 0.07, -0.025
120, 0.07, -0.0225
121, 0.07, -0.02
122, 0.07, -0.0175
123, 0.07, -0.015
124, 0.07, -0.0125
125, 0.07, -0.01
126, 0.0675, -0.01
127, 0.065, -0.01
128, 0.065, -0.0125
129, 0.065, -0.015
130, 0.065, -0.0175
131, 0.065, -0.02
132, 0.065, -0.0225
133, 0.065, -0.025
134, 0.065, -0.0275
135, 0.065, -0.03
136, 0.0625, -0.03
137, 0.06, -0.03
138, 0.06, -0.0275
139, 0.06, -0.025
140, 0.06, -0.0225
141, 0.06, -0.02
142, 0.06, -0.0175
143, 0.06, -0.015
144, 0.06, -0.0125
145, 0.06, -0.01
146, 0.0575, -0.01
147, 0.055, -0.01
148, 0.055, -0.0125
149, 0.055, -0.015
150, 0.055, -0.0175
151, 0.055, -0.02
152, 0.055, -0.0225
153, 0.055, -0.025
154, 0.055, -0.0275
155, 0.055, -0.03
156, 0.0525, -0.03
157, 0.05, -0.03
158, 0.05, -0.0275
159, 0.05, -0.025
160, 0.05, -0.0225
161, 0.05, -0.02
162, 0.05, -0.0175
163, 0.05, -0.015
164, 0.05, -0.0125
165, 0.05, -0.01
166, 0.0475, -0.01
167, 0.045, -0.01
168, 0.045, -0.0125
169, 0.045, -0.015
170, 0.045, -0.0175
171, 0.045, -0.02
172, 0.045, -0.0225
173, 0.045, -0.025
174, 0.045, -0.0275
175, 0.045, -0.03
176, 0.0425, -0.03
177, 0.04, -0.03
178, 0.04, -0.0275
179, 0.04, -0.025
180, 0.04, -0.0225
181, 0.04, -0.02
182, 0.04, -0.0175
183, 0.04, -0.015
184, 0.04, -0.0125
185, 0.04, -0.01
186, 0.0375, -0.01
187, 0.035, -0.01
188, 0.035, -0.0125
189, 0.035, -0.015
190, 0.035, -0.0175
191, 0.035, -0.02
192, 0.035, -0.0225
193, 0.035, -0.025
194, 0.035, -0.0275
195, 0.035, -0.03
196, 0.0325, -0.03
197, 0.03, -0.03
198, 0.03, -0.0275
199, 0.03, -0.025
200, 0.03, -0.0225
201, 0.03, -0.02
202, 0.03, -0.0175
203, 0.03, -0.015
204, 0.03, -0.0125
205, 0.03, -0.01
206, 0.0275, -0.01
207, 0.025, -0.01
208, 0.025, -0.0125
209, 0.025, -0.015
210, 0.025, -0.0175
211, 0.025, -0.02
212, 0.025, -0.0225
213, 0.025, -0.025
214, 0.025, -0.0275
215, 0.025, -0.03
216, 0.0225, -0.03
217, 0.02, -0.03
218, 0.02, -0.0275
219, 0.02, -0.025
220, 0.02, -0.0225
221, 0.02, -0.02
222, 0.02, -0.0175
223, 0.02, -0.015
224, 0.02, -0.0125
225, 0.02, -0.01
226, 0.0175, -0.01
227, 0.015, -0.01
228, 0.015, -0.0125
229, 0.015, -0.015
230, 0.015, -0.0175
231, 0.015, -0.02
232, 0.015, -0.0225
233, 0.015, -0.025
234, 0.015, -0.0275
235, 0.015, -0.03
236, 0.0125, -0.03
237, 0.01, -0.03
238, 0.01, -0.0275
239, 0.01, -0.025
240, 0.01, -0.0225
241, 0.01, -0.02
242, 0.01, -0.0175
243, 0.01, -0.015
244, 0.01, -0.0125
245, 0.01, -0.01
246, 0.0075, -0.01
247, 0.005, -0.01
248, 0.005, -0.0125
249, 0.005, -0.015
250, 0.005, -0.0175
251, 0.005, -0.02
252, 0.005, -0.0225
253, 0.005, -0.025
254, 0.005, -0.0275
255, 0.005, -0.03
256, 0.0025, -0.03
257, 0, -0.03
258, 0, -0.0275
259, 0, -0.025
260, 0, -0.0225
261, 0, -0.02
262, 0, -0.0175
263, 0, -0.015
264, 0, -0.0125
265, 0, -0.01
266, 0, -0.0075
267, 0, -0.005
268, 0, -0.0025
269, 0.0992636, -0.00333333
270, 0.101705, -0.005
271, 0.0968023, -0.00333333
272, 0.0983915, -0.00666667
273, 0.0943411, -0.00333333
274, 0.0959109, -0.00666667
275, 0.0910465, -0.00333333
276, 0.0925969, -0.00666667
277, 0.0894186, -0.00333333
278, 0.0869574, -0.00333333
279, 0.088469, -0.00666667
280, 0.0844961, -0.00333333
281, 0.0859884, -0.00666667
282, 0.0812016, -0.00333333
283, 0.0826744, -0.00666667
284, 0.0795736, -0.00333333
285, 0.0771124, -0.00333333
286, 0.0785465, -0.00666667
287, 0.0746512, -0.00333333
288, 0.0760659, -0.00666667
289, 0.0713566, -0.00333333
290, 0.0727519, -0.00666667
291, 0.0697287, -0.00333333
292, 0.0672674, -0.00333333
293, 0.068624, -0.00666667
294, 0.0648062, -0.00333333
295, 0.0661434, -0.00666667
296, 0.0615116, -0.00333333
297, 0.0628295, -0.00666667
298, 0.0598837, -0.00333333
299, 0.0574225, -0.00333333
300, 0.0587016, -0.00666667
301, 0.0549612, -0.00333333
302, 0.0562209, -0.00666667
303, 0.0533333, -0.00333333
304, 0.0500388, -0.00333333
305, 0.052093, -0.00666667
306, 0.0475775, -0.00333333
307, 0.0487791, -0.00666667
308, 0.0451163, -0.00333333
309, 0.0462985, -0.00666667
310, 0.0434884, -0.00333333
311, 0.0401938, -0.00333333
312, 0.0421705, -0.00666667
313, 0.0377326, -0.00333333
314, 0.0388566, -0.00666667
315, 0.0352713, -0.00333333
316, 0.036376, -0.00666667
317, 0.0336434, -0.00333333
318, 0.0303488, -0.00333333
319, 0.0322481, -0.00666667
320, 0.0278876, -0.00333333
321, 0.0289341, -0.00666667
322, 0.0254264, -0.00333333
323, 0.0264535, -0.00666667
324, 0.0237984, -0.00333333
325, 0.0205039, -0.00333333
326, 0.0223256, -0.00666667
327, 0.0180426, -0.00333333
328, 0.0190116, -0.00666667
329, 0.0155814, -0.00333333
330, 0.016531, -0.00666667
331, 0.0139535, -0.00333333
332, 0.0106589, -0.00333333
333, 0.0124031, -0.00666667
334, 0.00819767, -0.00333333
335, 0.00908915, -0.00666667
336, 0.00573643, -0.00333333
337, 0.00660853, -0.00666667
338, 0.00329457, -0.005
339, 0.103333, -0.0266667
340, 0.1025, -0.0283333
341, 0.103333, -0.0241667
342, 0.101667, -0.0258333
343, 0.103333, -0.0216667
344, 0.101667, -0.0233333
345, 0.103333, -0.0191667
346, 0.101667, -0.0208333
347, 0.103333, -0.0166667
348, 0.101667, -0.0183333
349, 0.103333, -0.0141667
350, 0.101667, -0.0158333
351, 0.103333, -0.0116667
352, 0.101667, -0.0133333
353, 0.103333, -0.00916667
354, 0.101667, -0.0108333
355, 0.0933333, -0.0266667
356, 0.0925, -0.0283333
357, 0.0933333, -0.0241667
358, 0.0916667, -0.0258333
359, 0.0933333, -0.0216667
360, 0.0916667, -0.0233333
361, 0.0933333, -0.0191667
362, 0.0916667, -0.0208333
363, 0.0933333, -0.0166667
364, 0.0916667, -0.0183333
365, 0.0933333, -0.0141667
366, 0.0916667, -0.0158333
367, 0.0933333, -0.0116667
368, 0.0916667, -0.0133333
369, 0.0916667, -0.0108333
370, 0.0833333, -0.0266667
371, 0.0825, -0.0283333
372, 0.0833333, -0.0241667
373, 0.0816667, -0.0258333
374, 0.0833333, -0.0216667
375, 0.0816667, -0.0233333
376, 0.0833333, -0.0191667
377, 0.0816667, -0.0208333
378, 0.0833333, -0.0166667
379, 0.0816667, -0.0183333
380, 0.0833333, -0.0141667
381, 0.0816667, -0.0158333
382, 0.0833333, -0.0116667
383, 0.0816667, -0.0133333
384, 0.0816667, -0.0108333
385, 0.0733333, -0.0266667
386, 0.0725, -0.0283333
387, 0.0733333, -0.0241667
388, 0.0716667, -0.0258333
389, 0.0733333, -0.0216667
390, 0.0716667, -0.0233333
391, 0.0733333, -0.0191667
392, 0.0716667, -0.0208333
393, 0.0733333, -0.0166667
394, 0.0716667, -0.0183333
395, 0.0733333, -0.0141667
396, 0.0716667, -0.0158333
397, 0.0733333, -0.0116667
398, 0.0716667, -0.0133333
399, 0.0716667, -0.0108333
400, 0.0633333, -0.0266667
401, 0.0625, -0.0283333
402, 0.0633333, -0.0241667
403, 0.0616667, -0.0258333
404, 0.0633333, -0.0216667
405, 0.0616667, -0.0233333
406, 0.0633333, -0.0191667
407, 0.0616667, -0.0208333
408, 0.0633333, -0.0166667
409, 0.0616667, -0.0183333
410, 0.0633333, -0.0141667
411, 0.0616667, -0.0158333
412, 0.0633333, -0.0116667
413, 0.0616667, -0.0133333
414, 0.0616667, -0.0108333
415, 0.0533333, -0.0266667
416, 0.0525, -0.0283333
417, 0.0533333, -0.0241667
418, 0.0516667, -0.0258333
419, 0.0533333, -0.0216667
420, 0.0516667, -0.0233333
421, 0.0533333, -0.0191667
422, 0.0516667, -0.0208333
423, 0.0533333, -0.0166667
424, 0.0516667, -0.0183333
425, 0.0533333, -0.0141667
426, 0.0516667, -0.0158333
427, 0.0533333, -0.0116667
428, 0.0516667, -0.0133333
429, 0.0516667, -0.0108333
430, 0.0433333, -0.0266667
431, 0.0425, -0.0283333
432, 0.0433333, -0.0241667
433, 0.0416667, -0.0258333
434, 0.0433333, -0.0216667
435, 0.0416667, -0.0233333
436, 0.0433333, -0.0191667
437, 0.0416667, -0.0208333
438, 0.0433333, -0.0166667
439, 0.0416667, -0.0183333
440, 0.0433333, -0.0141667
441, 0.0416667, -0.0158333
442, 0.0433333, -0.0116667
443, 0.0416667, -0.0133333
444, 0.0416667, -0.0108333
445, 0.0333333, -0.0266667
446, 0.0325, -0.0283333
447, 0.0333333, -0.0241667
448, 0.0316667, -0.0258333
449, 0.0333333, -0.0216667
450, 0.0316667, -0.0233333
451, 0.0333333, -0.0191667
452, 0.0316667, -0.0208333
453, 0.0333333, -0.0166667
454, 0.0316667, -0.0183333
455, 0.0333333, -0.0141667
456, 0.0316667, -0.0158333
457, 0.0333333, -0.0116667
458, 0.0316667, -0.0133333
459, 0.0316667, -0.0108333
460, 0.0233333, -0.0266667
461, 0.0225, -0.0283333
462, 0.0233333, -0.0241667
463, 0.0216667, -0.0258333
464, 0.0233333, -0.0216667
465, 0.0216667, -0.0233333
466, 0.0233333, -0.0191667
467, 0.0216667, -0.0208333
468, 0.0233333, -0.0166667
469, 0.0216667, -0.0183333
470, 0.0233333, -0.0141667
471, 0.0216667, -0.0158333
472, 0.0233333, -0.0116667
473, 0.0216667, -0.0133333
474, 0.0216667, -0.0108333
475, 0.0133333, -0.0266667
476, 0.0125, -0.0283333
477, 0.0133333, -0.0241667
478, 0.0116667, -0.0258333
479, 0.0133333, -0.0216667
480, 0.0116667, -0.0233333
481, 0.0133333, -0.0191667
482, 0.0116667, -0.0208333
483, 0.0133333, -0.0166667
484, 0.0116667, -0.0183333
485, 0.0133333, -0.0141667
486, 0.0116667, -0.0158333
487, 0.0133333, -0.0116667
488, 0.0116667, -0.0133333
489, 0.0116667, -0.0108333
490, 0.00333333, -0.0266667
491, 0.0025, -0.0283333
492, 0.00333333, -0.0241667
493, 0.00166667, -0.0258333
494, 0.00333333, -0.0216667
495, 0.00166667, -0.0233333
496, 0.00333333, -0.0191667
497, 0.00166667, -0.0208333
498, 0.00333333, -0.0166667
499, 0.00166667, -0.0183333
500, 0.00333333, -0.0141667
501, 0.00166667, -0.0158333
502, 0.00333333, -0.0116667
503, 0.00166667, -0.0133333
504, 0.00166667, -0.0108333
505, 0.00166667, -0.00916667
506, 0.103088, -0.0025
507, 0.101176, -0.00277778
508, 0.102235, -0.0075
509, 0.100032, -0.00722222
510, 0.0927261, -0.00222222
511, 0.0925323, -0.00888889
512, 0.0945026, -0.00777778
513, 0.0942829, -0.00555556
514, 0.0926615, -0.00444444
515, 0.0903553, -0.00777778
516, 0.0907041, -0.00555556
517, 0.082907, -0.00222222
518, 0.0825581, -0.00888889
519, 0.0845543, -0.00777778
520, 0.0843863, -0.00555556
521, 0.0827907, -0.00444444
522, 0.080407, -0.00777778
523, 0.0808075, -0.00555556
524, 0.0730878, -0.00222222
525, 0.072584, -0.00888889
526, 0.0746059, -0.00777778
527, 0.0744897, -0.00555556
528, 0.0729199, -0.00444444
529, 0.0704587, -0.00777778
530, 0.0709109, -0.00555556
531, 0.0632687, -0.00222222
532, 0.0626098, -0.00888889
533, 0.0646576, -0.00777778
534, 0.064593, -0.00555556
535, 0.0630491, -0.00444444
536, 0.0605103, -0.00777778
537, 0.0610142, -0.00555556
538, 0.0515504, -0.00222222
539, 0.0523643, -0.00888889
540, 0.054438, -0.00777778
541, 0.0544251, -0.00555556
542, 0.0518217, -0.00444444
543, 0.0502907, -0.00777778
544, 0.0503036, -0.00555556
545, 0.0417313, -0.00222222
546, 0.0423902, -0.00888889
547, 0.0444897, -0.00777778
548, 0.0439858, -0.00555556
549, 0.0419509, -0.00444444
550, 0.0403424, -0.00777778
551, 0.040407, -0.00555556
552, 0.0319121, -0.00222222
553, 0.032416, -0.00888889
554, 0.0345413, -0.00777778
555, 0.0340891, -0.00555556
556, 0.0320801, -0.00444444
557, 0.0303941, -0.00777778
558, 0.0305103, -0.00555556
559, 0.022093, -0.00222222
560, 0.0224419, -0.00888889
561, 0.024593, -0.00777778
562, 0.0241925, -0.00555556
563, 0.0222093, -0.00444444
564, 0.0204457, -0.00777778
565, 0.0206137, -0.00555556
566, 0.0122739, -0.00222222
567, 0.0124677, -0.00888889
568, 0.0146447, -0.00777778
569, 0.0142959, -0.00555556
570, 0.0123385, -0.00444444
571, 0.0104974, -0.00777778
572, 0.0107171, -0.00555556
573, 0.00191214, -0.0025
574, 0.00382429, -0.00277778
575, 0.00276486, -0.0075
576, 0.0049677, -0.00722222
577, 0.0990181, -0.00111111
578, 0.0965698, -0.00111111
579, 0.0979134, -0.00222222
580, 0.0997868, -0.005
581, 0.0981525, -0.00444444
582, 0.0954587, -0.00222222
583, 0.0972674, -0.00777778
584, 0.0970349, -0.00555556
585, 0.0892248, -0.00111111
586, 0.0867765, -0.00111111
587, 0.0880943, -0.00222222
588, 0.0882816, -0.00444444
589, 0.0856395, -0.00222222
590, 0.0873191, -0.00777778
591, 0.0871382, -0.00555556
592, 0.0794315, -0.00111111
593, 0.0769832, -0.00111111
594, 0.0782752, -0.00222222
595, 0.0784108, -0.00444444
596, 0.0758204, -0.00222222
597, 0.0773708, -0.00777778
598, 0.0772416, -0.00555556
599, 0.0696382, -0.00111111
600, 0.0671899, -0.00111111
601, 0.0684561, -0.00222222
602, 0.0685401, -0.00444444
603, 0.0660013, -0.00222222
604, 0.0674225, -0.00777778
605, 0.067345, -0.00555556
606, 0.059845, -0.00111111
607, 0.0573966, -0.00111111
608, 0.058637, -0.00222222
609, 0.0587338, -0.00888889
610, 0.0586693, -0.00444444
611, 0.0549483, -0.00111111
612, 0.0561822, -0.00222222
613, 0.0562403, -0.00888889
614, 0.0574742, -0.00777778
615, 0.0574483, -0.00555556
616, 0.0562016, -0.00444444
617, 0.0476034, -0.00111111
618, 0.0488178, -0.00222222
619, 0.045155, -0.00111111
620, 0.046363, -0.00222222
621, 0.0462661, -0.00888889
622, 0.0475258, -0.00777778
623, 0.0475517, -0.00555556
624, 0.0463307, -0.00444444
625, 0.0378101, -0.00111111
626, 0.0389987, -0.00222222
627, 0.0353618, -0.00111111
628, 0.0365439, -0.00222222
629, 0.0375775, -0.00777778
630, 0.037655, -0.00555556
631, 0.0364599, -0.00444444
632, 0.0280168, -0.00111111
633, 0.0291796, -0.00222222
634, 0.0255685, -0.00111111
635, 0.0267248, -0.00222222
636, 0.0276292, -0.00777778
637, 0.0277584, -0.00555556
638, 0.0265891, -0.00444444
639, 0.0182235, -0.00111111
640, 0.0193605, -0.00222222
641, 0.0157752, -0.00111111
642, 0.0169057, -0.00222222
643, 0.0176809, -0.00777778
644, 0.0178618, -0.00555556
645, 0.0167183, -0.00444444
646, 0.00843023, -0.00111111
647, 0.00954134, -0.00222222
648, 0.00598191, -0.00111111
649, 0.00708656, -0.00222222
650, 0.00773256, -0.00777778
651, 0.00796512, -0.00555556
652, 0.00684755, -0.00444444
653, 0.00521318, -0.005
654, 0.104167, -0.0286111
655, 0.100833, -0.0286111
656, 0.0941667, -0.0286111
657, 0.0908333, -0.0286111
658, 0.0841667, -0.0286111
659, 0.0808333, -0.0286111
660, 0.0741667, -0.0286111
661, 0.0708333, -0.0286111
662, 0.0641667, -0.0286111
663, 0.0608333, -0.0286111
664, 0.0541667, -0.0286111
665, 0.0508333, -0.0286111
666, 0.0441667, -0.0286111
667, 0.0408333, -0.0286111
668, 0.0341667, -0.0286111
669, 0.0308333, -0.0286111
670, 0.0241667, -0.0286111
671, 0.0208333, -0.0286111
672, 0.0141667, -0.0286111
673, 0.0108333, -0.0286111
674, 0.00416667, -0.0286111
675, 0.000833333, -0.0286111
676, 0.00333333, -0.0102778
677, 0.103549, -0.000833333
678, 0.103264, -0.00416667
679, 0.101283, -0.000925926
680, 0.104078, -0.00666667
681, 0.10298, -0.00583333
682, 0.101301, -0.00944444
683, 0.0991774, -0.00907407
684, 0.100756, -0.00824074
685, 0.0940999, -0.00185185
686, 0.0913738, -0.00185185
687, 0.0959711, -0.00814815
688, 0.0956654, -0.00518519
689, 0.0887748, -0.00814815
690, 0.0895306, -0.00518519
691, 0.0842894, -0.00185185
692, 0.0815633, -0.00185185
693, 0.0860142, -0.00814815
694, 0.0857773, -0.00518519
695, 0.0788178, -0.00814815
696, 0.0796425, -0.00518519
697, 0.0744789, -0.00185185
698, 0.0717528, -0.00185185
699, 0.0760573, -0.00814815
700, 0.0758893, -0.00518519
701, 0.0688609, -0.00814815
702, 0.0697545, -0.00518519
703, 0.0646684, -0.00185185
704, 0.0619423, -0.00185185
705, 0.0661004, -0.00814815
706, 0.0660013, -0.00518519
707, 0.0598665, -0.00518519
708, 0.0528682, -0.00185185
709, 0.0501421, -0.00185185
710, 0.0535659, -0.0101852
711, 0.0488566, -0.00814815
712, 0.0488867, -0.00518519
713, 0.0430577, -0.00185185
714, 0.0403316, -0.00185185
715, 0.0435745, -0.0101852
716, 0.0451335, -0.00518519
717, 0.0388997, -0.00814815
718, 0.0389987, -0.00518519
719, 0.0332472, -0.00185185
720, 0.0305211, -0.00185185
721, 0.0335831, -0.0101852
722, 0.0361391, -0.00814815
723, 0.0352455, -0.00518519
724, 0.0289427, -0.00814815
725, 0.0291107, -0.00518519
726, 0.0234367, -0.00185185
727, 0.0207106, -0.00185185
728, 0.0235917, -0.0101852
729, 0.0261822, -0.00814815
730, 0.0253574, -0.00518519
731, 0.0189858, -0.00814815
732, 0.0192227, -0.00518519
733, 0.0136262, -0.00185185
734, 0.0109001, -0.00185185
735, 0.0136003, -0.0101852
736, 0.0162252, -0.00814815
737, 0.0154694, -0.00518519
738, 0.00902885, -0.00814815
739, 0.00933463, -0.00518519
740, 0.00145134, -0.000833333
741, 0.00173557, -0.00416667
742, 0.00371662, -0.000925926
743, 0.000921619, -0.00666667
744, 0.00201981, -0.00583333
745, 0.00314384, -0.00888889
746, 0.00582257, -0.00907407
747, 0.00424419, -0.00824074
748, 0.101324, -0.00657407
749, 0.0936219, -0.0101852
750, 0.0940116, -0.00888889
751, 0.0918282, -0.00777778
752, 0.0909625, -0.00888889
753, 0.0912188, -0.00666667
754, 0.0898428, -0.00666667
755, 0.0836305, -0.0101852
756, 0.0840375, -0.00888889
757, 0.0818798, -0.00777778
758, 0.0809884, -0.00888889
759, 0.0812963, -0.00666667
760, 0.0799203, -0.00666667
761, 0.0736391, -0.0101852
762, 0.0740633, -0.00888889
763, 0.0719315, -0.00777778
764, 0.0710142, -0.00888889
765, 0.0713738, -0.00666667
766, 0.0699978, -0.00666667
767, 0.0636477, -0.0101852
768, 0.0640891, -0.00888889
769, 0.0619832, -0.00777778
770, 0.0610401, -0.00888889
771, 0.0614513, -0.00666667
772, 0.0529651, -0.00777778
773, 0.053652, -0.00666667
774, 0.0527799, -0.00555556
775, 0.0531934, -0.00444444
776, 0.050885, -0.00888889
777, 0.0430168, -0.00777778
778, 0.0435487, -0.00666667
779, 0.0409108, -0.00888889
780, 0.0330685, -0.00777778
781, 0.0350022, -0.00666667
782, 0.0336262, -0.00666667
783, 0.0309367, -0.00888889
784, 0.0231202, -0.00777778
785, 0.0250797, -0.00666667
786, 0.0237037, -0.00666667
787, 0.0209625, -0.00888889
788, 0.0131718, -0.00777778
789, 0.0151572, -0.00666667
790, 0.0137812, -0.00666667
791, 0.0109884, -0.00888889
792, 0.00367571, -0.00657407
793, 0.0940411, -0.000617284
794, 0.0915044, -0.000617284
795, 0.0900057, -0.00209877
796, 0.096157, -0.00938272
797, 0.0956029, -0.00395062
798, 0.0887582, -0.00938272
799, 0.0842593, -0.000617284
800, 0.0817226, -0.000617284
801, 0.0801895, -0.00209877
802, 0.0861714, -0.00938272
803, 0.0857436, -0.00395062
804, 0.0787726, -0.00938272
805, 0.0744775, -0.000617284
806, 0.0719409, -0.000617284
807, 0.0703732, -0.00209877
808, 0.0761858, -0.00938272
809, 0.0758843, -0.00395062
810, 0.068787, -0.00938272
811, 0.0646957, -0.000617284
812, 0.0621591, -0.000617284
813, 0.060557, -0.00209877
814, 0.0662001, -0.00938272
815, 0.066025, -0.00395062
816, 0.0526227, -0.000617284
817, 0.0542593, -0.00209877
818, 0.0500861, -0.000617284
819, 0.0487855, -0.00938272
820, 0.0488343, -0.00395062
821, 0.0428409, -0.000617284
822, 0.044443, -0.00209877
823, 0.0403043, -0.000617284
824, 0.0387999, -0.00938272
825, 0.038975, -0.00395062
826, 0.0330591, -0.000617284
827, 0.0346268, -0.00209877
828, 0.0305225, -0.000617284
829, 0.036213, -0.00938272
830, 0.0288142, -0.00938272
831, 0.0291157, -0.00395062
832, 0.0232773, -0.000617284
833, 0.0248105, -0.00209877
834, 0.0207407, -0.000617284
835, 0.0262274, -0.00938272
836, 0.0188286, -0.00938272
837, 0.0192564, -0.00395062
838, 0.0134955, -0.000617284
839, 0.0149943, -0.00209877
840, 0.0109589, -0.000617284
841, 0.0162417, -0.00938272
842, 0.00884295, -0.00938272
843, 0.00939707, -0.00395062
*Triangles
0, 0, 1, 740
1, 0, 740, 268
2, 740, 1, 742
3, 740, 742, 573
4, 740, 573, 268
5, 573, 742, 574
6, 573, 574, 741
7, 573, 741, 268
8, 741, 574, 338
9, 741, 338, 744
10, 744, 338, 792
11, 744, 792, 575
12, 744, 575, 743
13, 743, 575, 505
14, 505, 575, 745
15, 505, 745, 676
16, 505, 676, 504
17, 504, 676, 502
18, 504, 502, 503
19, 503, 502, 500
20, 503, 500, 501
21, 501, 500, 498
22, 501, 498, 499
23, 499, 498, 496
24, 499, 496, 497
25, 497, 496, 494
26, 497, 494, 495
27, 495, 494, 492
28, 495, 492, 493
29, 493, 492, 490
30, 493, 490, 491
31, 493, 491, 675
32, 491, 490, 674
33, 745, 575, 747
34, 747, 575, 792
35, 747, 792, 576
36, 747, 576, 746
37, 746, 576, 337
38, 746, 337, 650
39, 650, 337, 651
40, 650, 651, 335
41, 650, 335, 738
42, 650, 738, 842
43, 738, 335, 571
44, 738, 571, 791
45, 791, 571, 567
46, 791, 567, 489
47, 489, 567, 735
48, 489, 735, 487
49, 489, 487, 488
50, 488, 487, 485
51, 488, 485, 486
52, 486, 485, 483
53, 486, 483, 484
54, 484, 483, 481
55, 484, 481, 482
56, 482, 481, 479
57, 482, 479, 480
58, 480, 479, 477
59, 480, 477, 478
60, 478, 477, 475
61, 478, 475, 476
62, 478, 476, 673
63, 476, 475, 672
64, 735, 567, 788
65, 735, 788, 568
66, 568, 788, 790
67, 568, 790, 789
68, 568, 789, 736
69, 568, 736, 841
70, 841, 736, 643
71, 643, 736, 330
72, 643, 330, 644
73, 643, 644, 328
74, 643, 328, 731
75, 643, 731, 836
76, 836, 731, 787
77, 787, 731, 564
78, 787, 564, 560
79, 787, 560, 474
80, 474, 560, 728
81, 474, 728, 472
82, 474, 472, 473
83, 473, 472, 470
84, 473, 470, 471
85, 471, 470, 468
86, 471, 468, 469
87, 469, 468, 466
88, 469, 466, 467
89, 467, 466, 464
90, 467, 464, 465
91, 465, 464, 462
92, 465, 462, 463
93, 463, 462, 460
94, 463, 460, 461
95, 463, 461, 671
96, 461, 460, 670
97, 728, 560, 784
98, 728, 784, 561
99, 561, 784, 786
100, 561, 786, 785
101, 561, 785, 729
102, 561, 729, 835
103, 835, 729, 636
104, 636, 729, 323
105, 636, 323, 637
106, 636, 637, 321
107, 636, 321, 724
108, 636, 724, 830
109, 830, 724, 783
110, 783, 724, 557
111, 783, 557, 553
112, 783, 553, 459
113, 459, 553, 721
114, 459, 721, 457
115, 459, 457, 458
116, 458, 457, 455
117, 458, 455, 456
118, 456, 455, 453
119, 456, 453, 454
120, 454, 453, 451
121, 454, 451, 452
122, 452, 451, 449
123, 452, 449, 450
124, 450, 449, 447
125, 450, 447, 448
126, 448, 447, 445
127, 448, 445, 446
128, 448, 446, 669
129, 446, 445, 668
130, 721, 553, 780
131, 721, 780, 554
132, 554, 780, 782
133, 554, 782, 781
134, 554, 781, 722
135, 722, 781, 316
136, 722, 316, 629
137, 722, 629, 829
138, 629, 316, 630
139, 629, 630, 314
140, 629, 314, 717
141, 629, 717, 824
142, 824, 717, 779
143, 779, 717, 550
144, 779, 550, 312
145, 779, 312, 546
146, 779, 546, 444
147, 444, 546, 715
148, 444, 715, 442
149, 444, 442, 443
150, 443, 442, 440
151, 443, 440, 441
152, 441, 440, 438
153, 441, 438, 439
154, 439, 438, 436
155, 439, 436, 437
156, 437, 436, 434
157, 437, 434, 435
158, 435, 434, 432
159, 435, 432, 433
160, 433, 432, 430
161, 433, 430, 431
162, 433, 431, 667
163, 431, 430, 666
164, 715, 546, 777
165, 715, 777, 547
166, 547, 777, 778
167, 547, 778, 548
168, 547, 548, 716
169, 547, 716, 309
170, 547, 309, 621
171, 621, 309, 622
172, 622, 309, 623
173, 622, 623, 307
174, 622, 307, 711
175, 622, 711, 819
176, 819, 711, 776
177, 776, 711, 543
178, 776, 543, 305
179, 776, 305, 539
180, 776, 539, 429
181, 429, 539, 710
182, 429, 710, 427
183, 429, 427, 428
184, 428, 427, 425
185, 428, 425, 426
186, 426, 425, 423
187, 426, 423, 424
188, 424, 423, 421
189, 424, 421, 422
190, 422, 421, 419
191, 422, 419, 420
192, 420, 419, 417
193, 420, 417, 418
194, 418, 417, 415
195, 418, 415, 416
196, 418, 416, 665
197, 416, 415, 664
198, 710, 539, 772
199, 710, 772, 540
200, 540, 772, 773
201, 540, 773, 541
202, 540, 541, 302
203, 540, 302, 613
204, 613, 302, 614
205, 614, 302, 615
206, 614, 615, 300
207, 614, 300, 609
208, 609, 300, 536
209, 609, 536, 770
210, 770, 536, 769
211, 770, 769, 532
212, 770, 532, 414
213, 414, 532, 767
214, 414, 767, 412
215, 414, 412, 413
216, 413, 412, 410
217, 413, 410, 411
218, 411, 410, 408
219, 411, 408, 409
220, 409, 408, 406
221, 409, 406, 407
222, 407, 406, 404
223, 407, 404, 405
224, 405, 404, 402
225, 405, 402, 403
226, 403, 402, 400
227, 403, 400, 401
228, 403, 401, 663
229, 401, 400, 662
230, 767, 532, 768
231, 768, 532, 297
232, 768, 297, 533
233, 768, 533, 705
234, 768, 705, 814
235, 814, 705, 604
236, 604, 705, 295
237, 604, 295, 605
238, 604, 605, 293
239, 604, 293, 701
240, 604, 701, 810
241, 810, 701, 764
242, 764, 701, 529
243, 764, 529, 763
244, 764, 763, 525
245, 764, 525, 399
246, 399, 525, 761
247, 399, 761, 397
248, 399, 397, 398
249, 398, 397, 395
250, 398, 395, 396
251, 396, 395, 393
252, 396, 393, 394
253, 394, 393, 391
254, 394, 391, 392
255, 392, 391, 389
256, 392, 389, 390
257, 390, 389, 387
258, 390, 387, 388
259, 388, 387, 385
260, 388, 385, 386
261, 388, 386, 661
262, 386, 385, 660
263, 761, 525, 762
264, 762, 525, 526
265, 762, 526, 699
266, 762, 699, 808
267, 808, 699, 597
268, 597, 699, 288
269, 597, 288, 598
270, 597, 598, 286
271, 597, 286, 695
272, 597, 695, 804
273, 804, 695, 758
274, 758, 695, 522
275, 758, 522, 757
276, 758, 757, 518
277, 758, 518, 384
278, 384, 518, 755
279, 384, 755, 382
280, 384, 382, 383
281, 383, 382, 380
282, 383, 380, 381
283, 381, 380, 378
284, 381, 378, 379
285, 379, 378, 376
286, 379, 376, 377
287, 377, 376, 374
288, 377, 374, 375
289, 375, 374, 372
290, 375, 372, 373
291, 373, 372, 370
292, 373, 370, 371
293, 373, 371, 659
294, 371, 370, 658
295, 755, 518, 756
296, 756, 518, 519
297, 756, 519, 693
298, 756, 693, 802
299, 802, 693, 590
300, 590, 693, 281
301, 590, 281, 591
302, 590, 591, 279
303, 590, 279, 689
304, 590, 689, 798
305, 798, 689, 515
306, 798, 515, 752
307, 752, 515, 751
308, 752, 751, 511
309, 752, 511, 369
310, 369, 511, 749
311, 369, 749, 367
312, 369, 367, 368
313, 368, 367, 365
314, 368, 365, 366
315, 366, 365, 363
316, 366, 363, 364
317, 364, 363, 361
318, 364, 361, 362
319, 362, 361, 359
320, 362, 359, 360
321, 360, 359, 357
322, 360, 357, 358
323, 358, 357, 355
324, 358, 355, 356
325, 358, 356, 657
326, 356, 355, 656
327, 749, 511, 750
328, 750, 511, 512
329, 750, 512, 687
330, 687, 512, 274
331, 687, 274, 583
332, 687, 583, 796
333, 583, 274, 584
334, 583, 584, 272
335, 583, 272, 683
336, 683, 272, 509
337, 683, 509, 684
338, 684, 509, 748
339, 684, 748, 508
340, 684, 508, 682
341, 682, 508, 353
342, 682, 353, 354
343, 354, 353, 351
344, 354, 351, 352
345, 352, 351, 349
346, 352, 349, 350
347, 350, 349, 347
348, 350, 347, 348
349, 348, 347, 345
350, 348, 345, 346
351, 346, 345, 343
352, 346, 343, 344
353, 344, 343, 341
354, 344, 341, 342
355, 342, 341, 339
356, 342, 339, 340
357, 342, 340, 655
358, 340, 339, 654
359, 353, 508, 680
360, 680, 508, 681
361, 681, 508, 748
362, 681, 748, 270
363, 681, 270, 678
364, 678, 270, 507
365, 678, 507, 506
366, 506, 507, 679
367, 506, 679, 677
368, 679, 507, 577
369, 577, 507, 269
370, 577, 269, 579
371, 579, 269, 581
372, 579, 581, 271
373, 579, 271, 578
374, 578, 271, 582
375, 582, 271, 797
376, 582, 797, 273
377, 582, 273, 685
378, 582, 685, 793
379, 793, 685, 510
380, 510, 685, 273
381, 510, 273, 514
382, 510, 514, 275
383, 510, 275, 686
384, 510, 686, 794
385, 794, 686, 795
386, 795, 686, 275
387, 795, 275, 277
388, 795, 277, 587
389, 795, 587, 585
390, 587, 277, 588
391, 587, 588, 278
392, 587, 278, 586
393, 586, 278, 589
394, 589, 278, 803
395, 589, 803, 280
396, 589, 280, 691
397, 589, 691, 799
398, 799, 691, 517
399, 517, 691, 280
400, 517, 280, 521
401, 517, 521, 282
402, 517, 282, 692
403, 517, 692, 800
404, 800, 692, 801
405, 801, 692, 282
406, 801, 282, 284
407, 801, 284, 594
408, 801, 594, 592
409, 594, 284, 595
410, 594, 595, 285
411, 594, 285, 593
412, 593, 285, 596
413, 596, 285, 809
414, 596, 809, 287
415, 596, 287, 697
416, 596, 697, 805
417, 805, 697, 524
418, 524, 697, 287
419, 524, 287, 528
420, 524, 528, 289
421, 524, 289, 698
422, 524, 698, 806
423, 698, 289, 807
424, 807, 289, 291
425, 807, 291, 601
426, 807, 601, 599
427, 601, 291, 602
428, 601, 602, 292
429, 601, 292, 600
430, 600, 292, 603
431, 603, 292, 815
432, 603, 815, 294
433, 603, 294, 703
434, 603, 703, 811
435, 811, 703, 531
436, 531, 703, 294
437, 531, 294, 535
438, 531, 535, 296
439, 531, 296, 704
440, 531, 704, 812
441, 704, 296, 813
442, 813, 296, 298
443, 813, 298, 608
444, 813, 608, 606
445, 608, 298, 610
446, 608, 610, 299
447, 608, 299, 607
448, 607, 299, 612
449, 612, 299, 616
450, 612, 616, 301
451, 612, 301, 817
452, 612, 817, 611
453, 817, 301, 303
454, 817, 303, 708
455, 708, 303, 538
456, 708, 538, 816
457, 538, 303, 542
458, 538, 542, 304
459, 538, 304, 709
460, 538, 709, 818
461, 818, 709, 618
462, 618, 709, 304
463, 618, 304, 820
464, 618, 820, 306
465, 618, 306, 617
466, 617, 306, 620
467, 620, 306, 624
468, 620, 624, 308
469, 620, 308, 822
470, 620, 822, 619
471, 822, 308, 310
472, 822, 310, 713
473, 713, 310, 545
474, 713, 545, 821
475, 545, 310, 549
476, 545, 549, 311
477, 545, 311, 714
478, 545, 714, 823
479, 823, 714, 626
480, 626, 714, 311
481, 626, 311, 825
482, 626, 825, 313
483, 626, 313, 625
484, 625, 313, 628
485, 628, 313, 631
486, 628, 631, 315
487, 628, 315, 827
488, 628, 827, 627
489, 827, 315, 317
490, 827, 317, 719
491, 719, 317, 552
492, 719, 552, 826
493, 552, 317, 556
494, 552, 556, 318
495, 552, 318, 720
496, 552, 720, 828
497, 828, 720, 633
498, 633, 720, 318
499, 633, 318, 831
500, 633, 831, 320
501, 633, 320, 632
502, 632, 320, 635
503, 635, 320, 638
504, 635, 638, 322
505, 635, 322, 833
506, 635, 833, 634
507, 833, 322, 324
508, 833, 324, 726
509, 833, 726, 832
510, 832, 726, 559
511, 559, 726, 324
512, 559, 324, 563
513, 559, 563, 325
514, 559, 325, 727
515, 559, 727, 834
516, 834, 727, 640
517, 640, 727, 325
518, 640, 325, 837
519, 640, 837, 327
520, 640, 327, 639
521, 639, 327, 642
522, 642, 327, 645
523, 642, 645, 329
524, 642, 329, 839
525, 642, 839, 641
526, 839, 329, 331
527, 839, 331, 733
528, 839, 733, 838
529, 838, 733, 566
530, 566, 733, 331
531, 566, 331, 570
532, 566, 570, 332
533, 566, 332, 734
534, 566, 734, 840
535, 840, 734, 647
536, 647, 734, 332
537, 647, 332, 843
538, 647, 843, 334
539, 647, 334, 646
540, 646, 334, 649
541, 649, 334, 652
542, 649, 652, 336
543, 649, 336, 648
544, 336, 652, 653
545, 843, 332, 572
546, 843, 572, 739
547, 572, 332, 570
548, 572, 570, 333
549, 333, 570, 569
550, 569, 570, 331
551, 569, 331, 737
552, 737, 331, 329
553, 737, 329, 645
554, 837, 325, 565
555, 837, 565, 732
556, 565, 325, 563
557, 565, 563, 326
558, 326, 563, 562
559, 562, 563, 324
560, 562, 324, 730
561, 730, 324, 322
562, 730, 322, 638
563, 831, 318, 558
564, 831, 558, 725
565, 558, 318, 556
566, 558, 556, 319
567, 319, 556, 555
568, 555, 556, 317
569, 555, 317, 723
570, 723, 317, 315
571, 723, 315, 631
572, 825, 311, 551
573, 825, 551, 718
574, 551, 311, 549
575, 820, 304, 544
576, 820, 544, 712
577, 544, 304, 542
578, 542, 303, 775
579, 542, 775, 774
580, 775, 303, 301
581, 610, 298, 707
582, 707, 298, 296
583, 707, 296, 537
584, 537, 296, 535
585, 535, 294, 534
586, 534, 294, 815
587, 534, 815, 706
588, 602, 291, 702
589, 702, 291, 289
590, 702, 289, 530
591, 702, 530, 766
592, 766, 530, 765
593, 765, 530, 290
594, 530, 289, 528
595, 530, 528, 290
596, 528, 287, 527
597, 528, 527, 290
598, 527, 287, 809
599, 527, 809, 700
600, 595, 284, 696
601, 696, 284, 282
602, 696, 282, 523
603, 696, 523, 760
604, 760, 523, 759
605, 759, 523, 283
606, 523, 282, 521
607, 523, 521, 283
608, 521, 280, 520
609, 521, 520, 283
610, 520, 280, 803
611, 520, 803, 694
612, 588, 277, 690
613, 690, 277, 275
614, 690, 275, 516
615, 690, 516, 754
616, 754, 516, 753
617, 753, 516, 276
618, 516, 275, 514
619, 516, 514, 276
620, 514, 273, 513
621, 514, 513, 276
622, 513, 273, 797
623, 513, 797, 688
624, 581, 269, 580
625, 580, 269, 507
626, 580, 507, 270
627, 580, 270, 748
628, 580, 748, 509
629, 580, 509, 272
630, 580, 272, 581
631, 272, 584, 581
632, 281, 693, 519
633, 288, 699, 526
634, 295, 705, 533
635, 297, 532, 769
636, 297, 769, 771
637, 771, 769, 536
638, 772, 539, 305
639, 772, 305, 773
640, 543, 711, 307
641, 777, 546, 312
642, 777, 312, 778
643, 550, 717, 314
644, 557, 724, 321
645, 323, 729, 785
646, 564, 731, 328
647, 330, 736, 789
648, 742, 1, 2
649, 267, 268, 741
650, 267, 741, 744
651, 267, 744, 743
652, 267, 743, 266
653, 743, 505, 266
654, 271, 581, 584
655, 271, 584, 797
656, 548, 778, 312
657, 265, 266, 505
658, 265, 505, 504
659, 265, 504, 264
660, 504, 503, 264
661, 688, 797, 584
662, 688, 584, 274
663, 688, 274, 513
664, 274, 512, 513
665, 263, 264, 503
666, 263, 503, 501
667, 263, 501, 262
668, 501, 499, 262
669, 276, 513, 512
670, 276, 512, 511
671, 276, 511, 751
672, 276, 751, 753
673, 751, 515, 753
674, 261, 262, 499
675, 261, 499, 497
676, 261, 497, 260
677, 497, 495, 260
678, 754, 753, 515
679, 754, 515, 689
680, 754, 689, 279
681, 754, 279, 690
682, 259, 260, 495
683, 259, 495, 493
684, 259, 493, 258
685, 493, 675, 258
686, 588, 690, 279
687, 588, 279, 591
688, 588, 591, 278
689, 257, 258, 675
690, 257, 675, 256
691, 675, 491, 256
692, 491, 674, 256
693, 803, 278, 591
694, 803, 591, 694
695, 591, 281, 694
696, 255, 256, 674
697, 255, 674, 254
698, 674, 490, 254
699, 520, 694, 281
700, 520, 281, 519
701, 520, 519, 283
702, 519, 518, 283
703, 518, 757, 283
704, 253, 254, 490
705, 253, 490, 492
706, 253, 492, 252
707, 492, 494, 252
708, 759, 283, 757
709, 759, 757, 522
710, 759, 522, 760
711, 522, 695, 760
712, 695, 286, 760
713, 251, 252, 494
714, 251, 494, 496
715, 251, 496, 250
716, 496, 498, 250
717, 696, 760, 286
718, 696, 286, 595
719, 286, 598, 595
720, 249, 250, 498
721, 249, 498, 500
722, 249, 500, 248
723, 500, 502, 248
724, 285, 595, 598
725, 285, 598, 809
726, 247, 248, 502
727, 247, 502, 676
728, 247, 676, 745
729, 247, 745, 747
730, 247, 747, 746
731, 247, 746, 246
732, 746, 650, 246
733, 650, 842, 246
734, 700, 809, 598
735, 700, 598, 288
736, 700, 288, 527
737, 288, 526, 527
738, 245, 246, 842
739, 245, 842, 738
740, 245, 738, 791
741, 245, 791, 489
742, 245, 489, 244
743, 489, 488, 244
744, 290, 527, 526
745, 290, 526, 525
746, 290, 525, 763
747, 290, 763, 765
748, 763, 529, 765
749, 243, 244, 488
750, 243, 488, 486
751, 243, 486, 242
752, 486, 484, 242
753, 766, 765, 529
754, 766, 529, 701
755, 766, 701, 293
756, 766, 293, 702
757, 241, 242, 484
758, 241, 484, 482
759, 241, 482, 240
760, 482, 480, 240
761, 602, 702, 293
762, 602, 293, 605
763, 602, 605, 292
764, 239, 240, 480
765, 239, 480, 478
766, 239, 478, 238
767, 478, 673, 238
768, 815, 292, 605
769, 815, 605, 706
770, 605, 295, 706
771, 237, 238, 673
772, 237, 673, 236
773, 673, 476, 236
774, 476, 672, 236
775, 534, 706, 295
776, 534, 295, 533
777, 534, 533, 297
778, 534, 297, 535
779, 235, 236, 672
780, 235, 672, 234
781, 672, 475, 234
782, 537, 535, 297
783, 537, 297, 771
784, 537, 771, 536
785, 537, 536, 707
786, 536, 300, 707
787, 233, 234, 475
788, 233, 475, 477
789, 233, 477, 232
790, 477, 479, 232
791, 610, 707, 300
792, 610, 300, 615
793, 610, 615, 299
794, 231, 232, 479
795, 231, 479, 481
796, 231, 481, 230
797, 481, 483, 230
798, 616, 299, 615
799, 616, 615, 302
800, 616, 302, 541
801, 616, 541, 301
802, 229, 230, 483
803, 229, 483, 485
804, 229, 485, 228
805, 485, 487, 228
806, 775, 301, 541
807, 775, 541, 774
808, 541, 773, 774
809, 773, 305, 774
810, 227, 228, 487
811, 227, 487, 735
812, 227, 735, 568
813, 227, 568, 841
814, 227, 841, 226
815, 841, 643, 226
816, 643, 836, 226
817, 542, 774, 305
818, 542, 305, 544
819, 305, 543, 544
820, 543, 307, 544
821, 225, 226, 836
822, 225, 836, 787
823, 225, 787, 474
824, 225, 474, 224
825, 474, 473, 224
826, 712, 544, 307
827, 712, 307, 623
828, 712, 623, 820
829, 223, 224, 473
830, 223, 473, 471
831, 223, 471, 222
832, 471, 469, 222
833, 306, 820, 623
834, 306, 623, 624
835, 623, 309, 624
836, 309, 716, 624
837, 221, 222, 469
838, 221, 469, 467
839, 221, 467, 220
840, 467, 465, 220
841, 308, 624, 716
842, 308, 716, 310
843, 716, 548, 310
844, 219, 220, 465
845, 219, 465, 463
846, 219, 463, 218
847, 463, 671, 218
848, 549, 310, 548
849, 549, 548, 312
850, 549, 312, 551
851, 312, 550, 551
852, 550, 314, 551
853, 217, 218, 671
854, 217, 671, 216
855, 671, 461, 216
856, 461, 670, 216
857, 718, 551, 314
858, 718, 314, 630
859, 718, 630, 825
860, 215, 216, 670
861, 215, 670, 214
862, 670, 460, 214
863, 313, 825, 630
864, 313, 630, 631
865, 630, 316, 631
866, 213, 214, 460
867, 213, 460, 462
868, 213, 462, 212
869, 462, 464, 212
870, 723, 631, 316
871, 723, 316, 781
872, 723, 781, 555
873, 781, 782, 555
874, 211, 212, 464
875, 211, 464, 466
876, 211, 466, 210
877, 466, 468, 210
878, 319, 555, 782
879, 319, 782, 780
880, 319, 780, 553
881, 319, 553, 557
882, 319, 557, 558
883, 557, 321, 558
884, 209, 210, 468
885, 209, 468, 470
886, 209, 470, 208
887, 470, 472, 208
888, 725, 558, 321
889, 725, 321, 637
890, 725, 637, 831
891, 207, 208, 472
892, 207, 472, 728
893, 207, 728, 561
894, 207, 561, 835
895, 207, 835, 206
896, 835, 636, 206
897, 636, 830, 206
898, 320, 831, 637
899, 320, 637, 638
900, 637, 323, 638
901, 205, 206, 830
902, 205, 830, 783
903, 205, 783, 459
904, 205, 459, 204
905, 459, 458, 204
906, 730, 638, 323
907, 730, 323, 785
908, 730, 785, 562
909, 785, 786, 562
910, 203, 204, 458
911, 203, 458, 456
912, 203, 456, 202
913, 456, 454, 202
914, 326, 562, 786
915, 326, 786, 784
916, 326, 784, 560
917, 326, 560, 564
918, 326, 564, 565
919, 564, 328, 565
920, 201, 202, 454
921, 201, 454, 452
922, 201, 452, 200
923, 452, 450, 200
924, 732, 565, 328
925, 732, 328, 644
926, 732, 644, 837
927, 199, 200, 450
928, 199, 450, 448
929, 199, 448, 198
930, 448, 669, 198
931, 327, 837, 644
932, 327, 644, 645
933, 644, 330, 645
934, 197, 198, 669
935, 197, 669, 196
936, 669, 446, 196
937, 446, 668, 196
938, 737, 645, 330
939, 737, 330, 789
940, 737, 789, 569
941, 789, 790, 569
942, 195, 196, 668
943, 195, 668, 194
944, 668, 445, 194
945, 333, 569, 790
946, 333, 790, 788
947, 333, 788, 567
948, 333, 567, 571
949, 333, 571, 572
950, 571, 335, 572
951, 193, 194, 445
952, 193, 445, 447
953, 193, 447, 192
954, 447, 449, 192
955, 739, 572, 335
956, 739, 335, 651
957, 739, 651, 843
958, 191, 192, 449
959, 191, 449, 451
960, 191, 451, 190
961, 451, 453, 190
962, 334, 843, 651
963, 334, 651, 652
964, 651, 337, 652
965, 189, 190, 453
966, 189, 453, 455
967, 189, 455, 188
968, 455, 457, 188
969, 653, 652, 337
970, 653, 337, 576
971, 653, 576, 792
972, 653, 792, 338
973, 653, 338, 574
974, 653, 574, 336
975, 187, 188, 457
976, 187, 457, 721
977, 187, 721, 554
978, 187, 554, 722
979, 187, 722, 829
980, 187, 829, 186
981, 829, 629, 186
982, 629, 824, 186
983, 648, 336, 574
984, 648, 574, 742
985, 648, 742, 2
986, 648, 2, 3
987, 648, 3, 649
988, 185, 186, 824
989, 185, 824, 779
990, 185, 779, 444
991, 185, 444, 184
992, 444, 443, 184
993, 646, 649, 3
994, 646, 3, 4
995, 646, 4, 647
996, 183, 184, 443
997, 183, 443, 441
998, 183, 441, 182
999, 441, 439, 182
1000, 840, 647, 4
1001, 840, 4, 5
1002, 840, 5, 566
1003, 181, 182, 439
1004, 181, 439, 437
1005, 181, 437, 180
1006, 437, 435, 180
1007, 838, 566, 5
1008, 838, 5, 6
1009, 838, 6, 839
1010, 179, 180, 435
1011, 179, 435, 433
1012, 179, 433, 178
1013, 433, 667, 178
1014, 641, 839, 6
1015, 641, 6, 7
1016, 641, 7, 642
1017, 177, 178, 667
1018, 177, 667, 176
1019, 667, 431, 176
1020, 431, 666, 176
1021, 639, 642, 7
1022, 639, 7, 8
1023, 639, 8, 640
1024, 175, 176, 666
1025, 175, 666, 174
1026, 666, 430, 174
1027, 834, 640, 8
1028, 834, 8, 9
1029, 834, 9, 559
1030, 173, 174, 430
1031, 173, 430, 432
1032, 173, 432, 172
1033, 432, 434, 172
1034, 832, 559, 9
1035, 832, 9, 10
1036, 832, 10, 833
1037, 171, 172, 434
1038, 171, 434, 436
1039, 171, 436, 170
1040, 436, 438, 170
1041, 634, 833, 10
1042, 634, 10, 11
1043, 634, 11, 635
1044, 169, 170, 438
1045, 169, 438, 440
1046, 169, 440, 168
1047, 440, 442, 168
1048, 632, 635, 11
1049, 632, 11, 12
1050, 632, 12, 633
1051, 167, 168, 442
1052, 167, 442, 715
1053, 167, 715, 547
1054, 167, 547, 621
1055, 167, 621, 166
1056, 621, 622, 166
1057, 622, 819, 166
1058, 828, 633, 12
1059, 828, 12, 13
1060, 828, 13, 552
1061, 165, 166, 819
1062, 165, 819, 776
1063, 165, 776, 429
1064, 165, 429, 164
1065, 429, 428, 164
1066, 826, 552, 13
1067, 826, 13, 14
1068, 826, 14, 719
1069, 163, 164, 428
1070, 163, 428, 426
1071, 163, 426, 162
1072, 426, 424, 162
1073, 827, 719, 14
1074, 827, 14, 627
1075, 14, 15, 627
1076, 161, 162, 424
1077, 161, 424, 422
1078, 161, 422, 160
1079, 422, 420, 160
1080, 628, 627, 15
1081, 628, 15, 625
1082, 15, 16, 625
1083, 159, 160, 420
1084, 159, 420, 418
1085, 159, 418, 158
1086, 418, 665, 158
1087, 626, 625, 16
1088, 626, 16, 823
1089, 16, 17, 823
1090, 157, 158, 665
1091, 157, 665, 156
1092, 665, 416, 156
1093, 416, 664, 156
1094, 545, 823, 17
1095, 545, 17, 821
1096, 17, 18, 821
1097, 155, 156, 664
1098, 155, 664, 154
1099, 664, 415, 154
1100, 713, 821, 18
1101, 713, 18, 822
1102, 153, 154, 415
1103, 153, 415, 417
1104, 153, 417, 152
1105, 417, 419, 152
1106, 619, 822, 18
1107, 619, 18, 19
1108, 619, 19, 620
1109, 151, 152, 419
1110, 151, 419, 421
1111, 151, 421, 150
1112, 421, 423, 150
1113, 617, 620, 19
1114, 617, 19, 20
1115, 617, 20, 618
1116, 149, 150, 423
1117, 149, 423, 425
1118, 149, 425, 148
1119, 425, 427, 148
1120, 818, 618, 20
1121, 818, 20, 21
1122, 818, 21, 538
1123, 147, 148, 427
1124, 147, 427, 710
1125, 147, 710, 540
1126, 147, 540, 613
1127, 147, 613, 146
1128, 613, 614, 146
1129, 614, 609, 146
1130, 816, 538, 21
1131, 816, 21, 22
1132, 816, 22, 708
1133, 145, 146, 609
1134, 145, 609, 770
1135, 145, 770, 414
1136, 145, 414, 144
1137, 414, 413, 144
1138, 817, 708, 22
1139, 817, 22, 611
1140, 22, 23, 611
1141, 143, 144, 413
1142, 143, 413, 411
1143, 143, 411, 142
1144, 411, 409, 142
1145, 612, 611, 23
1146, 612, 23, 607
1147, 23, 24, 607
1148, 141, 142, 409
1149, 141, 409, 407
1150, 141, 407, 140
1151, 407, 405, 140
1152, 608, 607, 24
1153, 608, 24, 606
1154, 24, 25, 606
1155, 139, 140, 405
1156, 139, 405, 403
1157, 139, 403, 138
1158, 403, 663, 138
1159, 813, 606, 25
1160, 813, 25, 704
1161, 137, 138, 663
1162, 137, 663, 136
1163, 663, 401, 136
1164, 401, 662, 136
1165, 812, 704, 25
1166, 812, 25, 26
1167, 812, 26, 531
1168, 135, 136, 662
1169, 135, 662, 134
1170, 662, 400, 134
1171, 811, 531, 26
1172, 811, 26, 27
1173, 811, 27, 603
1174, 133, 134, 400
1175, 133, 400, 402
1176, 133, 402, 132
1177, 402, 404, 132
1178, 600, 603, 27
1179, 600, 27, 28
1180, 600, 28, 601
1181, 131, 132, 404
1182, 131, 404, 406
1183, 131, 406, 130
1184, 406, 408, 130
1185, 599, 601, 28
1186, 599, 28, 29
1187, 599, 29, 807
1188, 129, 130, 408
1189, 129, 408, 410
1190, 129, 410, 128
1191, 410, 412, 128
1192, 698, 807, 29
1193, 698, 29, 806
1194, 29, 30, 806
1195, 127, 128, 412
1196, 127, 412, 767
1197, 127, 767, 768
1198, 127, 768, 814
1199, 127, 814, 126
1200, 814, 604, 126
1201, 604, 810, 126
1202, 524, 806, 30
1203, 524, 30, 805
1204, 30, 31, 805
1205, 125, 126, 810
1206, 125, 810, 764
1207, 125, 764, 399
1208, 125, 399, 124
1209, 399, 398, 124
1210, 596, 805, 31
1211, 596, 31, 593
1212, 31, 32, 593
1213, 123, 124, 398
1214, 123, 398, 396
1215, 123, 396, 122
1216, 396, 394, 122
1217, 594, 593, 32
1218, 594, 32, 592
1219, 32, 33, 592
1220, 121, 122, 394
1221, 121, 394, 392
1222, 121, 392, 120
1223, 392, 390, 120
1224, 801, 592, 33
1225, 801, 33, 800
1226, 33, 34, 800
1227, 119, 120, 390
1228, 119, 390, 388
1229, 119, 388, 118
1230, 388, 661, 118
1231, 517, 800, 34
1232, 517, 34, 799
1233, 34, 35, 799
1234, 117, 118, 661
1235, 117, 661, 116
1236, 661, 386, 116
1237, 386, 660, 116
1238, 589, 799, 35
1239, 589, 35, 586
1240, 35, 36, 586
1241, 115, 116, 660
1242, 115, 660, 114
1243, 660, 385, 114
1244, 587, 586, 36
1245, 587, 36, 585
1246, 36, 37, 585
1247, 113, 114, 385
1248, 113, 385, 387
1249, 113, 387, 112
1250, 387, 389, 112
1251, 795, 585, 37
1252, 795, 37, 794
1253, 37, 38, 794
1254, 111, 112, 389
1255, 111, 389, 391
1256, 111, 391, 110
1257, 391, 393, 110
1258, 510, 794, 38
1259, 510, 38, 793
1260, 38, 39, 793
1261, 109, 110, 393
1262, 109, 393, 395
1263, 109, 395, 108
1264, 395, 397, 108
1265, 582, 793, 39
1266, 582, 39, 578
1267, 39, 40, 578
1268, 107, 108, 397
1269, 107, 397, 761
1270, 107, 761, 762
1271, 107, 762, 808
1272, 107, 808, 106
1273, 808, 597, 106
1274, 597, 804, 106
1275, 579, 578, 40
1276, 579, 40, 577
1277, 40, 41, 577
1278, 105, 106, 804
1279, 105, 804, 758
1280, 105, 758, 384
1281, 105, 384, 104
1282, 384, 383, 104
1283, 679, 577, 41
1284, 679, 41, 42
1285, 679, 42, 677
1286, 42, 43, 677
1287, 43, 44, 677
1288, 103, 104, 383
1289, 103, 383, 381
1290, 103, 381, 102
1291, 381, 379, 102
1292, 506, 677, 44
1293, 506, 44, 678
1294, 44, 45, 678
1295, 101, 102, 379
1296, 101, 379, 377
1297, 101, 377, 100
1298, 377, 375, 100
1299, 681, 678, 45
1300, 681, 45, 680
1301, 45, 46, 680
1302, 99, 100, 375
1303, 99, 375, 373
1304, 99, 373, 98
1305, 373, 659, 98
1306, 353, 680, 46
1307, 353, 46, 47
1308, 353, 47, 351
1309, 47, 48, 351
1310, 97, 98, 659
1311, 97, 659, 96
1312, 659, 371, 96
1313, 371, 658, 96
1314, 349, 351, 48
1315, 349, 48, 49
1316, 349, 49, 347
1317, 49, 50, 347
1318, 95, 96, 658
1319, 95, 658, 94
1320, 658, 370, 94
1321, 345, 347, 50
1322, 345, 50, 51
1323, 345, 51, 343
1324, 51, 52, 343
1325, 93, 94, 370
1326, 93, 370, 372
1327, 93, 372, 92
1328, 372, 374, 92
1329, 341, 343, 52
1330, 341, 52, 53
1331, 341, 53, 339
1332, 53, 54, 339
1333, 91, 92, 374
1334, 91, 374, 376
1335, 91, 376, 90
1336, 376, 378, 90
1337, 654, 339, 54
1338, 654, 54, 55
1339, 654, 55, 56
1340, 654, 56, 340
1341, 89, 90, 378
1342, 89, 378, 380
1343, 89, 380, 88
1344, 380, 382, 88
1345, 655, 340, 56
1346, 655, 56, 57
1347, 655, 57, 58
1348, 655, 58, 342
1349, 58, 59, 342
1350, 87, 88, 382
1351, 87, 382, 755
1352, 87, 755, 756
1353, 87, 756, 802
1354, 87, 802, 86
1355, 802, 590, 86
1356, 590, 798, 86
1357, 344, 342, 59
1358, 344, 59, 60
1359, 344, 60, 346
1360, 60, 61, 346
1361, 85, 86, 798
1362, 85, 798, 752
1363, 85, 752, 369
1364, 85, 369, 84
1365, 369, 368, 84
1366, 348, 346, 61
1367, 348, 61, 62
1368, 348, 62, 350
1369, 62, 63, 350
1370, 83, 84, 368
1371, 83, 368, 366
1372, 83, 366, 82
1373, 366, 364, 82
1374, 352, 350, 63
1375, 352, 63, 64
1376, 352, 64, 354
1377, 64, 65, 354
1378, 81, 82, 364
1379, 81, 364, 362
1380, 81, 362, 80
1381, 362, 360, 80
1382, 682, 354, 65
1383, 682, 65, 684
1384, 79, 80, 360
1385, 79, 360, 358
1386, 79, 358, 78
1387, 358, 657, 78
1388, 683, 684, 65
1389, 683, 65, 66
1390, 683, 66, 583
1391, 77, 78, 657
1392, 77, 657, 76
1393, 657, 356, 76
1394, 356, 656, 76
1395, 796, 583, 66
1396, 796, 66, 67
1397, 796, 67, 687
1398, 75, 76, 656
1399, 75, 656, 74
1400, 656, 355, 74
1401, 750, 687, 67
1402, 750, 67, 749
1403, 73, 74, 355
1404, 73, 355, 357
1405, 73, 357, 72
1406, 357, 359, 72
1407, 367, 749, 67
1408, 367, 67, 68
1409, 367, 68, 365
1410, 68, 69, 365
1411, 71, 72, 359
1412, 71, 359, 361
1413, 71, 361, 70
1414, 361, 363, 70
1415, 363, 365, 69
1416, 363, 69, 70
*Quads
*BC
0, 0, 20, 20
1, 0, 600, 90
2, 0, 600, 90
3, 0, 600, 90
4, 0, 600, 90
5, 0, 600, 90
6, 0, 600, 90
7, 0, 600, 90
8, 0, 600, 90
9, 0, 600, 90
10, 0, 600, 90
11, 0, 600, 90
12, 0, 600, 90
13, 0, 600, 90
14, 0, 600, 90
15, 0, 600, 90
16, 0, 600, 90
17, 0, 600, 90
18, 0, 600, 90
19, 0, 600, 90
20, 0, 600, 90
21, 0, 600, 90
22, 0, 600, 90
23, 0, 600, 90
24, 0, 600, 90
25, 0, 600, 90
26, 0, 600, 90
27, 0, 600, 90
28, 0, 600, 90
29, 0, 600, 90
30, 0, 600, 90
31, 0, 600, 90
32, 0, 600, 90
33, 0, 600, 90
34, 0, 600, 90
35, 0, 600, 90
36, 0, 600, 90
37, 0, 600, 90
38, 0, 600, 90
39, 0, 600, 90
40, 0, 600, 90
41, 0, 600, 90
42, 0, 600, 90
43, 0, 20, 20
44, 0, 20, 20
45, 0, 20, 20
46, 0, 20, 20
47, 0, 20, 20
48, 0, 20, 20
49, 0, 20, 20
50, 0, 20, 20
51, 0, 20, 20
52, 0, 20, 20
53, 0, 20, 20
54, 0, 20, 20
55, 0, 20, 20
56, 0, 20, 20
57, 0, 20, 20
58, 0, 20, 20
59, 0, 20, 20
60, 0, 20, 20
61, 0, 20, 20
62, 0, 20, 20
63, 0, 20, 20
64, 0, 20, 20
65, 0, 20, 20
66, 0, 20, 20
67, 0, 20, 20
68, 0, 20, 20
69, 0, 20, 20
70, 0, 20, 20
71, 0, 20, 20
72, 0, 20, 20
73, 0, 20, 20
74, 0, 20, 20
75, 0, 20, 20
76, 0, 20, 20
77, 0, 20, 20
78, 0, 20, 20
79, 0, 20, 20
80, 0, 20, 20
81, 0, 20, 20
82, 0, 20, 20
83, 0, 20, 20
84, 0, 20, 20
85, 0, 20, 20
86, 0, 20, 20
87, 0, 20, 20
88, 0, 20, 20
89, 0, 20, 20
90, 0, 20, 20
91, 0, 20, 20
92, 0, 20, 20
93, 0, 20, 20
94, 0, 20, 20
95, 0, 20, 20
96, 0, 20, 20
97, 0, 20, 20
98, 0, 20, 20
99, 0, 20, 20
100, 0, 20, 20
101, 0, 20, 20
102, 0, 20, 20
103, 0, 20, 20
104, 0, 20, 20
105, 0, 20, 20
106, 0, 20, 20
107, 0, 20, 20
108, 0, 20, 20
109, 0, 20, 20
110, 0, 20, 20
111, 0, 20, 20
112, 0, 20, 20
113, 0, 20, 20
114, 0, 20, 20
115, 0, 20, 20
116, 0, 20, 20
117, 0, 20, 20
118, 0, 20, 20
119, 0, 20, 20
120, 0, 20, 20
121, 0, 20, 20
122, 0, 20, 20
123, 0, 20, 20
124, 0, 20, 20
125, 0, 20, 20
126, 0, 20, 20
127, 0, 20, 20
128, 0, 20, 20
129, 0, 20, 20
130, 0, 20, 20
131, 0, 20, 20
132, 0, 20, 20
133, 0, 20, 20
134, 0, 20, 20
135, 0, 20, 20
136, 0, 20, 20
137, 0, 20, 20
138, 0, 20, 20
139, 0, 20, 20
140, 0, 20, 20
141, 0, 20, 20
142, 0, 20, 20
143, 0, 20, 20
144, 0, 20, 20
145, 0, 20, 20
146, 0, 20, 20
147, 0, 20, 20
148, 0, 20, 20
149, 0, 20, 20
150, 0, 20, 20
151, 0, 20, 20
152, 0, 20, 20
153, 0, 20, 20
154, 0, 20, 20
155, 0, 20, 20
156, 0, 20, 20
157, 0, 20, 20
158, 0, 20, 20
159, 0, 20, 20
160, 0, 20, 20
161, 0, 20, 20
162, 0, 20, 20
163, 0, 20, 20
164, 0, 20, 20
165, 0, 20, 20
166, 0, 20, 20
167, 0, 20, 20
168, 0, 20, 20
169, 0, 20, 20
170, 0, 20, 20
171, 0, 20, 20
172, 0, 20, 20
173, 0, 20, 20
174, 0, 20, 20
175, 0, 20, 20
176, 0, 20, 20
177, 0, 20, 20
178, 0, 20, 20
179, 0, 20, 20
180, 0, 20, 20
181, 0, 20, 20
182, 0, 20, 20
183, 0, 20, 20
184, 0, 20, 20
185, 0, 20, 20
186, 0, 20, 20
187, 0, 20, 20
188, 0, 20, 20
189, 0, 20, 20
190, 0, 20, 20
191, 0, 20, 20
192, 0, 20, 20
193, 0, 20, 20
194, 0, 20, 20
195, 0, 20, 20
196, 0, 20, 20
197, 0, 20, 20
198, 0, 20, 20
199, 0, 20, 20
200, 0, 20, 20
201, 0, 20, 20
202, 0, 20, 20
203, 0, 20, 20
204, 0, 20, 20
205, 0, 20, 20
206, 0, 20, 20
207, 0, 20, 20
208, 0, 20, 20
209, 0, 20, 20
210, 0, 20, 20
211, 0, 20, 20
212, 0, 20, 20
213, 0, 20, 20
214, 0, 20, 20
215, 0, 20, 20
216, 0, 20, 20
217, 0, 20, 20
218, 0, 20, 20
219, 0, 20, 20
220, 0, 20, 20
221, 0, 20, 20
222, 0, 20, 20
223, 0, 20, 20
224, 0, 20, 20
225, 0, 20, 20
226, 0, 20, 20
227, 0, 20, 20
228, 0, 20, 20
229, 0, 20, 20
230, 0, 20, 20
231, 0, 20, 20
232, 0, 20, 20
233, 0, 20, 20
234, 0, 20, 20
235, 0, 20, 20
236, 0, 20, 20
237, 0, 20, 20
238, 0, 20, 20
239, 0, 20, 20
240, 0, 20, 20
241, 0, 20, 20
242, 0, 20, 20
243, 0, 20, 20
244, 0, 20, 20
245, 0, 20, 20
246, 0, 20, 20
247, 0, 20, 20
248, 0, 20, 20
249, 0, 20, 20
250, 0, 20, 20
251, 0, 20, 20
252, 0, 20, 20
253, 0, 20, 20
254, 0, 20, 20
255, 0, 20, 20
256, 0, 20, 20
257, 0, 20, 20
258, 0, 20, 20
259, 0, 20, 20
260, 0, 20, 20
261, 0, 20, 20
262, 0, 20, 20
263, 0, 20, 20
264, 0, 20, 20
265, 0, 20, 20
266, 0, 20, 20
267, 0, 20, 20
268, 0, 20, 20
