SimulationTime 500
SimulationStepTime 50
Conductivity 25
InitialTemp 100
Density 7800
SpecificHeat 700
Nodes_number 1235
Triangle_number 2340
Quad_number 0
*Nodes
0, 0, 0
1, 0.003125, 0
2, 0.00625, 0
3, 0.009375, 0
4, 0.0125, 0
5, 0.015625, 0
6, 0.01875, 0
7, 0.021875, 0
8, 0.025, 0
9, 0.028125, 0
10, 0.03125, 0
11, 0.034375, 0
12, 0.0375, 0
13, 0.040625, 0
14, 0.04375, 0
15, 0.046875, 0
16, 0.05, 0
17, 0.053125, 0
18, 0.05625, 0
19, 0.059375, 0
20, 0.0625, 0
21, 0.065625, 0
22, 0.06875, 0
23, 0.071875, 0
24, 0.075, 0
25, 0.078125, 0
26, 0.08125, 0
27, 0.084375, 0
28, 0.0875, 0
29, 0.090625, 0
30, 0.09375, 0
31, 0.096875, 0
32, 0.1, 0
33, 0.1, -0.003125
34, 0.1, -0.00625
35, 0.1, -0.009375
36, 0.1, -0.0125
37, 0.1, -0.015625
38, 0.1, -0.01875
39, 0.1, -0.021875
40, 0.1, -0.025
41, 0.1, -0.028125
42, 0.1, -0.03125
43, 0.1, -0.034375
44, 0.1, -0.0375
45, 0.1, -0.040625
46, 0.1, -0.04375
47, 0.1, -0.046875
48, 0.1, -0.05
49, 0.1, -0.053125
50, 0.1, -0.05625
51, 0.1, -0.059375
52, 0.1, -0.0625
53, 0.1, -0.065625
54, 0.1, -0.06875
55, 0.1, -0.071875
56, 0.1, -0.075
57, 0.1, -0.078125
58, 0.1, -0.08125
59, 0.1, -0.084375
60, 0.1, -0.0875
61, 0.1, -0.090625
62, 0.1, -0.09375
63, 0.1, -0.096875
64, 0.1, -0.1
65, 0.096875, -0.1
66, 0.09375, -0.1
67, 0.090625, -0.1
68, 0.0875, -0.1
69, 0.084375, -0.1
70, 0.08125, -0.1
71, 0.078125, -0.1
72, 0.075, -0.1
73, 0.071875, -0.1
74, 0.06875, -0.1
75, 0.065625, -0.1
76, 0.0625, -0.1
77, 0.059375, -0.1
78, 0.05625, -0.1
79, 0.053125, -0.1
80, 0.05, -0.1
81, 0.046875, -0.1
82, 0.04375, -0.1
83, 0.040625, -0.1
84, 0.0375, -0.1
85, 0.034375, -0.1
86, 0.03125, -0.1
87, 0.028125, -0.1
88, 0.025, -0.1
89, 0.021875, -0.1
90, 0.01875, -0.1
91, 0.015625, -0.1
92, 0.0125, -0.1
93, 0.009375, -0.1
94, 0.00625, -0.1
95, 0.003125, -0.1
96, 0, -0.1
97, 0, -0.096875
98, 0, -0.09375
99, 0, -0.090625
100, 0, -0.0875
101, 0, -0.084375
102, 0, -0.08125
103, 0, -0.078125
104, 0, -0.075
105, 0, -0.071875
106, 0, -0.06875
107, 0, -0.065625
108, 0, -0.0625
109, 0, -0.059375
110, 0, -0.05625
111, 0, -0.053125
112, 0, -0.05
113, 0, -0.046875
114, 0, -0.04375
115, 0, -0.040625
116, 0, -0.0375
117, 0, -0.034375
118, 0, -0.03125
119, 0, -0.028125
120, 0, -0.025
121, 0, -0.021875
122, 0, -0.01875
123, 0, -0.015625
124, 0, -0.0125
125, 0, -0.009375
126, 0, -0.00625
127, 0, -0.003125
128, 0.00311, -0.0973067
129, 0.00622, -0.0973067
130, 0.00933, -0.0973067
131, 0.01244, -0.0973067
132, 0.01555, -0.0973067
133, 0.01866, -0.0973067
134, 0.02177, -0.0973067
135, 0.02488, -0.0973067
136, 0.02799, -0.0973067
137, 0.0311, -0.0973067
138, 0.03421, -0.0973067
139, 0.03732, -0.0973067
140, 0.04043, -0.0973067
141, 0.04354, -0.0973067
142, 0.04665, -0.0973067
143, 0.04976, -0.0973067
144, 0.05287, -0.0973067
145, 0.05598, -0.0973067
146, 0.05909, -0.0973067
147, 0.0622, -0.0973067
148, 0.06531, -0.0973067
149, 0.06842, -0.0973067
150, 0.07153, -0.0973067
151, 0.07464, -0.0973067
152, 0.07775, -0.0973067
153, 0.08086, -0.0973067
154, 0.08397, -0.0973067
155, 0.08708, -0.0973067
156, 0.09019, -0.0973067
157, 0.0933, -0.0973067
158, 0.09641, -0.0973067
159, 0.004665, -0.0946133
160, 0.007775, -0.0946133
161, 0.010885, -0.0946133
162, 0.013995, -0.0946133
163, 0.017105, -0.0946133
164, 0.020215, -0.0946133
165, 0.023325, -0.0946133
166, 0.026435, -0.0946133
167, 0.029545, -0.0946133
168, 0.032655, -0.0946133
169, 0.035765, -0.0946133
170, 0.038875, -0.0946133
171, 0.041985, -0.0946133
172, 0.045095, -0.0946133
173, 0.048205, -0.0946133
174, 0.051315, -0.0946133
175, 0.054425, -0.0946133
176, 0.057535, -0.0946133
177, 0.060645, -0.0946133
178, 0.063755, -0.0946133
179, 0.066865, -0.0946133
180, 0.069975, -0.0946133
181, 0.073085, -0.0946133
182, 0.076195, -0.0946133
183, 0.079305, -0.0946133
184, 0.082415, -0.0946133
185, 0.085525, -0.0946133
186, 0.088635, -0.0946133
187, 0.091745, -0.0946133
188, 0.094855, -0.0946133
189, 0.097965, -0.0946133
190, 0.00311, -0.09192
191, 0.00622, -0.09192
192, 0.00933, -0.09192
193, 0.01244, -0.09192
194, 0.01555, -0.09192
195, 0.01866, -0.09192
196, 0.02177, -0.09192
197, 0.02488, -0.09192
198, 0.02799, -0.09192
199, 0.0311, -0.09192
200, 0.03421, -0.09192
201, 0.03732, -0.09192
202, 0.04043, -0.09192
203, 0.04354, -0.09192
204, 0.04665, -0.09192
205, 0.04976, -0.09192
206, 0.05287, -0.09192
207, 0.05598, -0.09192
208, 0.05909, -0.09192
209, 0.0622, -0.09192
210, 0.06531, -0.09192
211, 0.06842, -0.09192
212, 0.07153, -0.09192
213, 0.07464, -0.09192
214, 0.07775, -0.09192
215, 0.08086, -0.09192
216, 0.08397, -0.09192
217, 0.08708, -0.09192
218, 0.09019, -0.09192
219, 0.0933, -0.09192
220, 0.09641, -0.09192
221, 0.004665, -0.0892266
222, 0.007775, -0.0892266
223, 0.010885, -0.0892266
224, 0.013995, -0.0892266
225, 0.017105, -0.0892266
226, 0.020215, -0.0892266
227, 0.023325, -0.0892266
228, 0.026435, -0.0892266
229, 0.029545, -0.0892266
230, 0.032655, -0.0892266
231, 0.035765, -0.0892266
232, 0.038875, -0.0892266
233, 0.041985, -0.0892266
234, 0.045095, -0.0892266
235, 0.048205, -0.0892266
236, 0.051315, -0.0892266
237, 0.054425, -0.0892266
238, 0.057535, -0.0892266
239, 0.060645, -0.0892266
240, 0.063755, -0.0892266
241, 0.066865, -0.0892266
242, 0.069975, -0.0892266
243, 0.073085, -0.0892266
244, 0.076195, -0.0892266
245, 0.079305, -0.0892266
246, 0.082415, -0.0892266
247, 0.085525, -0.0892266
248, 0.088635, -0.0892266
249, 0.091745, -0.0892266
250, 0.094855, -0.0892266
251, 0.097965, -0.0892266
252, 0.00311, -0.0865333
253, 0.00622, -0.0865333
254, 0.00933, -0.0865333
255, 0.01244, -0.0865333
256, 0.01555, -0.0865333
257, 0.01866, -0.0865333
258, 0.02177, -0.0865333
259, 0.02488, -0.0865333
260, 0.02799, -0.0865333
261, 0.0311, -0.0865333
262, 0.03421, -0.0865333
263, 0.03732, -0.0865333
264, 0.04043, -0.0865333
265, 0.04354, -0.0865333
266, 0.04665, -0.0865333
267, 0.04976, -0.0865333
268, 0.05287, -0.0865333
269, 0.05598, -0.0865333
270, 0.05909, -0.0865333
271, 0.0622, -0.0865333
272, 0.06531, -0.0865333
273, 0.06842, -0.0865333
274, 0.07153, -0.0865333
275, 0.07464, -0.0865333
276, 0.07775, -0.0865333
277, 0.08086, -0.0865333
278, 0.08397, -0.0865333
279, 0.08708, -0.0865333
280, 0.09019, -0.0865333
281, 0.0933, -0.0865333
282, 0.09641, -0.0865333
283, 0.004665, -0.08384
284, 0.007775, -0.08384
285, 0.010885, -0.08384
286, 0.013995, -0.08384
287, 0.017105, -0.08384
288, 0.020215, -0.08384
289, 0.023325, -0.08384
290, 0.026435, -0.08384
291, 0.029545, -0.08384
292, 0.032655, -0.08384
293, 0.035765, -0.08384
294, 0.038875, -0.08384
295, 0.041985, -0.08384
296, 0.045095, -0.08384
297, 0.048205, -0.08384
298, 0.051315, -0.08384
299, 0.054425, -0.08384
300, 0.057535, -0.08384
301, 0.060645, -0.08384
302, 0.063755, -0.08384
303, 0.066865, -0.08384
304, 0.069975, -0.08384
305, 0.073085, -0.08384
306, 0.076195, -0.08384
307, 0.079305, -0.08384
308, 0.082415, -0.08384
309, 0.085525, -0.08384
310, 0.088635, -0.08384
311, 0.091745, -0.08384
312, 0.094855, -0.08384
313, 0.00311, -0.0811466
314, 0.00622, -0.0811466
315, 0.00933, -0.0811466
316, 0.01244, -0.0811466
317, 0.01555, -0.0811466
318, 0.01866, -0.0811466
319, 0.02177, -0.0811466
320, 0.02488, -0.0811466
321, 0.02799, -0.0811466
322, 0.0311, -0.0811466
323, 0.03421, -0.0811466
324, 0.03732, -0.0811466
325, 0.04043, -0.0811466
326, 0.04354, -0.0811466
327, 0.04665, -0.0811466
328, 0.04976, -0.0811466
329, 0.05287, -0.0811466
330, 0.05598, -0.0811466
331, 0.05909, -0.0811466
332, 0.0622, -0.0811466
333, 0.06531, -0.0811466
334, 0.06842, -0.0811466
335, 0.07153, -0.0811466
336, 0.07464, -0.0811466
337, 0.07775, -0.0811466
338, 0.08086, -0.0811466
339, 0.08397, -0.0811466
340, 0.08708, -0.0811466
341, 0.09019, -0.0811466
342, 0.0933, -0.0811466
343, 0.09641, -0.0811466
344, 0.004665, -0.0784533
345, 0.007775, -0.0784533
346, 0.010885, -0.0784533
347, 0.013995, -0.0784533
348, 0.017105, -0.0784533
349, 0.020215, -0.0784533
350, 0.023325, -0.0784533
351, 0.026435, -0.0784533
352, 0.029545, -0.0784533
353, 0.032655, -0.0784533
354, 0.035765, -0.0784533
355, 0.038875, -0.0784533
356, 0.041985, -0.0784533
357, 0.045095, -0.0784533
358, 0.048205, -0.0784533
359, 0.051315, -0.0784533
360, 0.054425, -0.0784533
361, 0.057535, -0.0784533
362, 0.060645, -0.0784533
363, 0.063755, -0.0784533
364, 0.066865, -0.0784533
365, 0.069975, -0.0784533
366, 0.073085, -0.0784533
367, 0.076195, -0.0784533
368, 0.079305, -0.0784533
369, 0.082415, -0.0784533
370, 0.085525, -0.0784533
371, 0.088635, -0.0784533
372, 0.091745, -0.0784533
373, 0.094855, -0.0784533
374, 0.00311, -0.07576
375, 0.00622, -0.07576
376, 0.00933, -0.07576
377, 0.01244, -0.07576
378, 0.01555, -0.07576
379, 0.01866, -0.07576
380, 0.02177, -0.07576
381, 0.02488, -0.07576
382, 0.02799, -0.07576
383, 0.0311, -0.07576
384, 0.03421, -0.07576
385, 0.03732, -0.07576
386, 0.04043, -0.07576
387, 0.04354, -0.07576
388, 0.04665, -0.07576
389, 0.04976, -0.07576
390, 0.05287, -0.07576
391, 0.05598, -0.07576
392, 0.05909, -0.07576
393, 0.0622, -0.07576
394, 0.06531, -0.07576
395, 0.06842, -0.07576
396, 0.07153, -0.07576
397, 0.07464, -0.07576
398, 0.07775, -0.07576
399, 0.08086, -0.07576
400, 0.08397, -0.07576
401, 0.08708, -0.07576
402, 0.09019, -0.07576
403, 0.0933, -0.07576
404, 0.09641, -0.07576
405, 0.004665, -0.0730666
406, 0.007775, -0.0730666
407, 0.010885, -0.0730666
408, 0.013995, -0.0730666
409, 0.017105, -0.0730666
410, 0.020215, -0.0730666
411, 0.023325, -0.0730666
412, 0.026435, -0.0730666
413, 0.029545, -0.0730666
414, 0.032655, -0.0730666
415, 0.035765, -0.0730666
416, 0.038875, -0.0730666
417, 0.041985, -0.0730666
418, 0.045095, -0.0730666
419, 0.048205, -0.0730666
420, 0.051315, -0.0730666
421, 0.054425, -0.0730666
422, 0.057535, -0.0730666
423, 0.060645, -0.0730666
424, 0.063755, -0.0730666
425, 0.066865, -0.0730666
426, 0.069975, -0.0730666
427, 0.073085, -0.0730666
428, 0.076195, -0.0730666
429, 0.079305, -0.0730666
430, 0.082415, -0.0730666
431, 0.085525, -0.0730666
432, 0.088635, -0.0730666
433, 0.091745, -0.0730666
434, 0.094855, -0.0730666
435, 0.097965, -0.0730666
436, 0.00311, -0.0703733
437, 0.00622, -0.0703733
438, 0.00933, -0.0703733
439, 0.01244, -0.0703733
440, 0.01555, -0.0703733
441, 0.01866, -0.0703733
442, 0.02177, -0.0703733
443, 0.02488, -0.0703733
444, 0.02799, -0.0703733
445, 0.0311, -0.0703733
446, 0.03421, -0.0703733
447, 0.03732, -0.0703733
448, 0.04043, -0.0703733
449, 0.04354, -0.0703733
450, 0.04665, -0.0703733
451, 0.04976, -0.0703733
452, 0.05287, -0.0703733
453, 0.05598, -0.0703733
454, 0.05909, -0.0703733
455, 0.0622, -0.0703733
456, 0.06531, -0.0703733
457, 0.06842, -0.0703733
458, 0.07153, -0.0703733
459, 0.07464, -0.0703733
460, 0.07775, -0.0703733
461, 0.08086, -0.0703733
462, 0.08397, -0.0703733
463, 0.08708, -0.0703733
464, 0.09019, -0.0703733
465, 0.0933, -0.0703733
466, 0.09641, -0.0703733
467, 0.004665, -0.0676799
468, 0.007775, -0.0676799
469, 0.010885, -0.0676799
470, 0.013995, -0.0676799
471, 0.017105, -0.0676799
472, 0.020215, -0.0676799
473, 0.023325, -0.0676799
474, 0.026435, -0.0676799
475, 0.029545, -0.0676799
476, 0.032655, -0.0676799
477, 0.035765, -0.0676799
478, 0.038875, -0.0676799
479, 0.041985, -0.0676799
480, 0.045095, -0.0676799
481, 0.048205, -0.0676799
482, 0.051315, -0.0676799
483, 0.054425, -0.0676799
484, 0.057535, -0.0676799
485, 0.060645, -0.0676799
486, 0.063755, -0.0676799
487, 0.066865, -0.0676799
488, 0.069975, -0.0676799
489, 0.073085, -0.0676799
490, 0.076195, -0.0676799
491, 0.079305, -0.0676799
492, 0.082415, -0.0676799
493, 0.085525, -0.0676799
494, 0.088635, -0.0676799
495, 0.091745, -0.0676799
496, 0.094855, -0.0676799
497, 0.097965, -0.0676799
498, 0.00311, -0.0649866
499, 0.00622, -0.0649866
500, 0.00933, -0.0649866
501, 0.01244, -0.0649866
502, 0.01555, -0.0649866
503, 0.01866, -0.0649866
504, 0.02177, -0.0649866
505, 0.02488, -0.0649866
506, 0.02799, -0.0649866
507, 0.0311, -0.0649866
508, 0.03421, -0.0649866
509, 0.03732, -0.0649866
510, 0.04043, -0.0649866
511, 0.04354, -0.0649866
512, 0.04665, -0.0649866
513, 0.04976, -0.0649866
514, 0.05287, -0.0649866
515, 0.05598, -0.0649866
516, 0.05909, -0.0649866
517, 0.0622, -0.0649866
518, 0.06531, -0.0649866
519, 0.06842, -0.0649866
520, 0.07153, -0.0649866
521, 0.07464, -0.0649866
522, 0.07775, -0.0649866
523, 0.08086, -0.0649866
524, 0.08397, -0.0649866
525, 0.08708, -0.0649866
526, 0.09019, -0.0649866
527, 0.0933, -0.0649866
528, 0.09641, -0.0649866
529, 0.004665, -0.0622933
530, 0.007775, -0.0622933
531, 0.010885, -0.0622933
532, 0.013995, -0.0622933
533, 0.017105, -0.0622933
534, 0.020215, -0.0622933
535, 0.023325, -0.0622933
536, 0.026435, -0.0622933
537, 0.029545, -0.0622933
538, 0.032655, -0.0622933
539, 0.035765, -0.0622933
540, 0.038875, -0.0622933
541, 0.041985, -0.0622933
542, 0.045095, -0.0622933
543, 0.048205, -0.0622933
544, 0.051315, -0.0622933
545, 0.054425, -0.0622933
546, 0.057535, -0.0622933
547, 0.060645, -0.0622933
548, 0.063755, -0.0622933
549, 0.066865, -0.0622933
550, 0.069975, -0.0622933
551, 0.073085, -0.0622933
552, 0.076195, -0.0622933
553, 0.079305, -0.0622933
554, 0.082415, -0.0622933
555, 0.085525, -0.0622933
556, 0.088635, -0.0622933
557, 0.091745, -0.0622933
558, 0.094855, -0.0622933
559, 0.00311, -0.0595999
560, 0.00622, -0.0595999
561, 0.00933, -0.0595999
562, 0.01244, -0.0595999
563, 0.01555, -0.0595999
564, 0.01866, -0.0595999
565, 0.02177, -0.0595999
566, 0.02488, -0.0595999
567, 0.02799, -0.0595999
568, 0.0311, -0.0595999
569, 0.03421, -0.0595999
570, 0.03732, -0.0595999
571, 0.04043, -0.0595999
572, 0.04354, -0.0595999
573, 0.04665, -0.0595999
574, 0.04976, -0.0595999
575, 0.05287, -0.0595999
576, 0.05598, -0.0595999
577, 0.05909, -0.0595999
578, 0.0622, -0.0595999
579, 0.06531, -0.0595999
580, 0.06842, -0.0595999
581, 0.07153, -0.0595999
582, 0.07464, -0.0595999
583, 0.07775, -0.0595999
584, 0.08086, -0.0595999
585, 0.08397, -0.0595999
586, 0.08708, -0.0595999
587, 0.09019, -0.0595999
588, 0.0933, -0.0595999
589, 0.09641, -0.0595999
590, 0.004665, -0.0569066
591, 0.007775, -0.0569066
592, 0.010885, -0.0569066
593, 0.013995, -0.0569066
594, 0.017105, -0.0569066
595, 0.020215, -0.0569066
596, 0.023325, -0.0569066
597, 0.026435, -0.0569066
598, 0.029545, -0.0569066
599, 0.032655, -0.0569066
600, 0.035765, -0.0569066
601, 0.038875, -0.0569066
602, 0.041985, -0.0569066
603, 0.045095, -0.0569066
604, 0.048205, -0.0569066
605, 0.051315, -0.0569066
606, 0.054425, -0.0569066
607, 0.057535, -0.0569066
608, 0.060645, -0.0569066
609, 0.063755, -0.0569066
610, 0.066865, -0.0569066
611, 0.069975, -0.0569066
612, 0.073085, -0.0569066
613, 0.076195, -0.0569066
614, 0.079305, -0.0569066
615, 0.082415, -0.0569066
616, 0.085525, -0.0569066
617, 0.088635, -0.0569066
618, 0.091745, -0.0569066
619, 0.094855, -0.0569066
620, 0.00311, -0.0542132
621, 0.00622, -0.0542132
622, 0.00933, -0.0542132
623, 0.01244, -0.0542132
624, 0.01555, -0.0542132
625, 0.01866, -0.0542132
626, 0.02177, -0.0542132
627, 0.02488, -0.0542132
628, 0.02799, -0.0542132
629, 0.0311, -0.0542132
630, 0.03421, -0.0542132
631, 0.03732, -0.0542132
632, 0.04043, -0.0542132
633, 0.04354, -0.0542132
634, 0.04665, -0.0542132
635, 0.04976, -0.0542132
636, 0.05287, -0.0542132
637, 0.05598, -0.0542132
638, 0.05909, -0.0542132
639, 0.0622, -0.0542132
640, 0.06531, -0.0542132
641, 0.06842, -0.0542132
642, 0.07153, -0.0542132
643, 0.07464, -0.0542132
644, 0.07775, -0.0542132
645, 0.08086, -0.0542132
646, 0.08397, -0.0542132
647, 0.08708, -0.0542132
648, 0.09019, -0.0542132
649, 0.0933, -0.0542132
650, 0.09641, -0.0542132
651, 0.004665, -0.0515199
652, 0.007775, -0.0515199
653, 0.010885, -0.0515199
654, 0.013995, -0.0515199
655, 0.017105, -0.0515199
656, 0.020215, -0.0515199
657, 0.023325, -0.0515199
658, 0.026435, -0.0515199
659, 0.029545, -0.0515199
660, 0.032655, -0.0515199
661, 0.035765, -0.0515199
662, 0.038875, -0.0515199
663, 0.041985, -0.0515199
664, 0.045095, -0.0515199
665, 0.048205, -0.0515199
666, 0.051315, -0.0515199
667, 0.054425, -0.0515199
668, 0.057535, -0.0515199
669, 0.060645, -0.0515199
670, 0.063755, -0.0515199
671, 0.066865, -0.0515199
672, 0.069975, -0.0515199
673, 0.073085, -0.0515199
674, 0.076195, -0.0515199
675, 0.079305, -0.0515199
676, 0.082415, -0.0515199
677, 0.085525, -0.0515199
678, 0.088635, -0.0515199
679, 0.091745, -0.0515199
680, 0.094855, -0.0515199
681, 0.097965, -0.0515199
682, 0.00311, -0.0488266
683, 0.00622, -0.0488266
684, 0.00933, -0.0488266
685, 0.01244, -0.0488266
686, 0.01555, -0.0488266
687, 0.01866, -0.0488266
688, 0.02177, -0.0488266
689, 0.02488, -0.0488266
690, 0.02799, -0.0488266
691, 0.0311, -0.0488266
692, 0.03421, -0.0488266
693, 0.03732, -0.0488266
694, 0.04043, -0.0488266
695, 0.04354, -0.0488266
696, 0.04665, -0.0488266
697, 0.04976, -0.0488266
698, 0.05287, -0.0488266
699, 0.05598, -0.0488266
700, 0.05909, -0.0488266
701, 0.0622, -0.0488266
702, 0.06531, -0.0488266
703, 0.06842, -0.0488266
704, 0.07153, -0.0488266
705, 0.07464, -0.0488266
706, 0.07775, -0.0488266
707, 0.08086, -0.0488266
708, 0.08397, -0.0488266
709, 0.08708, -0.0488266
710, 0.09019, -0.0488266
711, 0.0933, -0.0488266
712, 0.09641, -0.0488266
713, 0.004665, -0.0461332
714, 0.007775, -0.0461332
715, 0.010885, -0.0461332
716, 0.013995, -0.0461332
717, 0.017105, -0.0461332
718, 0.020215, -0.0461332
719, 0.023325, -0.0461332
720, 0.026435, -0.0461332
721, 0.029545, -0.0461332
722, 0.032655, -0.0461332
723, 0.035765, -0.0461332
724, 0.038875, -0.0461332
725, 0.041985, -0.0461332
726, 0.045095, -0.0461332
727, 0.048205, -0.0461332
728, 0.051315, -0.0461332
729, 0.054425, -0.0461332
730, 0.057535, -0.0461332
731, 0.060645, -0.0461332
732, 0.063755, -0.0461332
733, 0.066865, -0.0461332
734, 0.069975, -0.0461332
735, 0.073085, -0.0461332
736, 0.076195, -0.0461332
737, 0.079305, -0.0461332
738, 0.082415, -0.0461332
739, 0.085525, -0.0461332
740, 0.088635, -0.0461332
741, 0.091745, -0.0461332
742, 0.094855, -0.0461332
743, 0.00311, -0.0434399
744, 0.00622, -0.0434399
745, 0.00933, -0.0434399
746, 0.01244, -0.0434399
747, 0.01555, -0.0434399
748, 0.01866, -0.0434399
749, 0.02177, -0.0434399
750, 0.02488, -0.0434399
751, 0.02799, -0.0434399
752, 0.0311, -0.0434399
753, 0.03421, -0.0434399
754, 0.03732, -0.0434399
755, 0.04043, -0.0434399
756, 0.04354, -0.0434399
757, 0.04665, -0.0434399
758, 0.04976, -0.0434399
759, 0.05287, -0.0434399
760, 0.05598, -0.0434399
761, 0.05909, -0.0434399
762, 0.0622, -0.0434399
763, 0.06531, -0.0434399
764, 0.06842, -0.0434399
765, 0.07153, -0.0434399
766, 0.07464, -0.0434399
767, 0.07775, -0.0434399
768, 0.08086, -0.0434399
769, 0.08397, -0.0434399
770, 0.08708, -0.0434399
771, 0.09019, -0.0434399
772, 0.0933, -0.0434399
773, 0.09641, -0.0434399
774, 0.004665, -0.0407466
775, 0.007775, -0.0407466
776, 0.010885, -0.0407466
777, 0.013995, -0.0407466
778, 0.017105, -0.0407466
779, 0.020215, -0.0407466
780, 0.023325, -0.0407466
781, 0.026435, -0.0407466
782, 0.029545, -0.0407466
783, 0.032655, -0.0407466
784, 0.035765, -0.0407466
785, 0.038875, -0.0407466
786, 0.041985, -0.0407466
787, 0.045095, -0.0407466
788, 0.048205, -0.0407466
789, 0.051315, -0.0407466
790, 0.054425, -0.0407466
791, 0.057535, -0.0407466
792, 0.060645, -0.0407466
793, 0.063755, -0.0407466
794, 0.066865, -0.0407466
795, 0.069975, -0.0407466
796, 0.073085, -0.0407466
797, 0.076195, -0.0407466
798, 0.079305, -0.0407466
799, 0.082415, -0.0407466
800, 0.085525, -0.0407466
801, 0.088635, -0.0407466
802, 0.091745, -0.0407466
803, 0.094855, -0.0407466
804, 0.00311, -0.0380532
805, 0.00622, -0.0380532
806, 0.00933, -0.0380532
807, 0.01244, -0.0380532
808, 0.01555, -0.0380532
809, 0.01866, -0.0380532
810, 0.02177, -0.0380532
811, 0.02488, -0.0380532
812, 0.02799, -0.0380532
813, 0.0311, -0.0380532
814, 0.03421, -0.0380532
815, 0.03732, -0.0380532
816, 0.04043, -0.0380532
817, 0.04354, -0.0380532
818, 0.04665, -0.0380532
819, 0.04976, -0.0380532
820, 0.05287, -0.0380532
821, 0.05598, -0.0380532
822, 0.05909, -0.0380532
823, 0.0622, -0.0380532
824, 0.06531, -0.0380532
825, 0.06842, -0.0380532
826, 0.07153, -0.0380532
827, 0.07464, -0.0380532
828, 0.07775, -0.0380532
829, 0.08086, -0.0380532
830, 0.08397, -0.0380532
831, 0.08708, -0.0380532
832, 0.09019, -0.0380532
833, 0.0933, -0.0380532
834, 0.09641, -0.0380532
835, 0.004665, -0.0353599
836, 0.007775, -0.0353599
837, 0.010885, -0.0353599
838, 0.013995, -0.0353599
839, 0.017105, -0.0353599
840, 0.020215, -0.0353599
841, 0.023325, -0.0353599
842, 0.026435, -0.0353599
843, 0.029545, -0.0353599
844, 0.032655, -0.0353599
845, 0.035765, -0.0353599
846, 0.038875, -0.0353599
847, 0.041985, -0.0353599
848, 0.045095, -0.0353599
849, 0.048205, -0.0353599
850, 0.051315, -0.0353599
851, 0.054425, -0.0353599
852, 0.057535, -0.0353599
853, 0.060645, -0.0353599
854, 0.063755, -0.0353599
855, 0.066865, -0.0353599
856, 0.069975, -0.0353599
857, 0.073085, -0.0353599
858, 0.076195, -0.0353599
859, 0.079305, -0.0353599
860, 0.082415, -0.0353599
861, 0.085525, -0.0353599
862, 0.088635, -0.0353599
863, 0.091745, -0.0353599
864, 0.094855, -0.0353599
865, 0.097965, -0.0353599
866, 0.00311, -0.0326665
867, 0.00622, -0.0326665
868, 0.00933, -0.0326665
869, 0.01244, -0.0326665
870, 0.01555, -0.0326665
871, 0.01866, -0.0326665
872, 0.02177, -0.0326665
873, 0.02488, -0.0326665
874, 0.02799, -0.0326665
875, 0.0311, -0.0326665
876, 0.03421, -0.0326665
877, 0.03732, -0.0326665
878, 0.04043, -0.0326665
879, 0.04354, -0.0326665
880, 0.04665, -0.0326665
881, 0.04976, -0.0326665
882, 0.05287, -0.0326665
883, 0.05598, -0.0326665
884, 0.05909, -0.0326665
885, 0.0622, -0.0326665
886, 0.06531, -0.0326665
887, 0.06842, -0.0326665
888, 0.07153, -0.0326665
889, 0.07464, -0.0326665
890, 0.07775, -0.0326665
891, 0.08086, -0.0326665
892, 0.08397, -0.0326665
893, 0.08708, -0.0326665
894, 0.09019, -0.0326665
895, 0.0933, -0.0326665
896, 0.09641, -0.0326665
897, 0.004665, -0.0299732
898, 0.007775, -0.0299732
899, 0.010885, -0.0299732
900, 0.013995, -0.0299732
901, 0.017105, -0.0299732
902, 0.020215, -0.0299732
903, 0.023325, -0.0299732
904, 0.026435, -0.0299732
905, 0.029545, -0.0299732
906, 0.032655, -0.0299732
907, 0.035765, -0.0299732
908, 0.038875, -0.0299732
909, 0.041985, -0.0299732
910, 0.045095, -0.0299732
911, 0.048205, -0.0299732
912, 0.051315, -0.0299732
913, 0.054425, -0.0299732
914, 0.057535, -0.0299732
915, 0.060645, -0.0299732
916, 0.063755, -0.0299732
917, 0.066865, -0.0299732
918, 0.069975, -0.0299732
919, 0.073085, -0.0299732
920, 0.076195, -0.0299732
921, 0.079305, -0.0299732
922, 0.082415, -0.0299732
923, 0.085525, -0.0299732
924, 0.088635, -0.0299732
925, 0.091745, -0.0299732
926, 0.094855, -0.0299732
927, 0.097965, -0.0299732
928, 0.00311, -0.0272799
929, 0.00622, -0.0272799
930, 0.00933, -0.0272799
931, 0.01244, -0.0272799
932, 0.01555, -0.0272799
933, 0.01866, -0.0272799
934, 0.02177, -0.0272799
935, 0.02488, -0.0272799
936, 0.02799, -0.0272799
937, 0.0311, -0.0272799
938, 0.03421, -0.0272799
939, 0.03732, -0.0272799
940, 0.04043, -0.0272799
941, 0.04354, -0.0272799
942, 0.04665, -0.0272799
943, 0.04976, -0.0272799
944, 0.05287, -0.0272799
945, 0.05598, -0.0272799
946, 0.05909, -0.0272799
947, 0.0622, -0.0272799
948, 0.06531, -0.0272799
949, 0.06842, -0.0272799
950, 0.07153, -0.0272799
951, 0.07464, -0.0272799
952, 0.07775, -0.0272799
953, 0.08086, -0.0272799
954, 0.08397, -0.0272799
955, 0.08708, -0.0272799
956, 0.09019, -0.0272799
957, 0.0933, -0.0272799
958, 0.09641, -0.0272799
959, 0.004665, -0.0245865
960, 0.007775, -0.0245865
961, 0.010885, -0.0245865
962, 0.013995, -0.0245865
963, 0.017105, -0.0245865
964, 0.020215, -0.0245865
965, 0.023325, -0.0245865
966, 0.026435, -0.0245865
967, 0.029545, -0.0245865
968, 0.032655, -0.0245865
969, 0.035765, -0.0245865
970, 0.038875, -0.0245865
971, 0.041985, -0.0245865
972, 0.045095, -0.0245865
973, 0.048205, -0.0245865
974, 0.051315, -0.0245865
975, 0.054425, -0.0245865
976, 0.057535, -0.0245865
977, 0.060645, -0.0245865
978, 0.063755, -0.0245865
979, 0.066865, -0.0245865
980, 0.069975, -0.0245865
981, 0.073085, -0.0245865
982, 0.076195, -0.0245865
983, 0.079305, -0.0245865
984, 0.082415, -0.0245865
985, 0.085525, -0.0245865
986, 0.088635, -0.0245865
987, 0.091745, -0.0245865
988, 0.094855, -0.0245865
989, 0.00311, -0.0218932
990, 0.00622, -0.0218932
991, 0.00933, -0.0218932
992, 0.01244, -0.0218932
993, 0.01555, -0.0218932
994, 0.01866, -0.0218932
995, 0.02177, -0.0218932
996, 0.02488, -0.0218932
997, 0.02799, -0.0218932
998, 0.0311, -0.0218932
999, 0.03421, -0.0218932
1000, 0.03732, -0.0218932
1001, 0.04043, -0.0218932
1002, 0.04354, -0.0218932
1003, 0.04665, -0.0218932
1004, 0.04976, -0.0218932
1005, 0.05287, -0.0218932
1006, 0.05598, -0.0218932
1007, 0.05909, -0.0218932
1008, 0.0622, -0.0218932
1009, 0.06531, -0.0218932
1010, 0.06842, -0.0218932
1011, 0.07153, -0.0218932
1012, 0.07464, -0.0218932
1013, 0.07775, -0.0218932
1014, 0.08086, -0.0218932
1015, 0.08397, -0.0218932
1016, 0.08708, -0.0218932
1017, 0.09019, -0.0218932
1018, 0.0933, -0.0218932
1019, 0.09641, -0.0218932
1020, 0.004665, -0.0191998
1021, 0.007775, -0.0191998
1022, 0.010885, -0.0191998
1023, 0.013995, -0.0191998
1024, 0.017105, -0.0191998
1025, 0.020215, -0.0191998
1026, 0.023325, -0.0191998
1027, 0.026435, -0.0191998
1028, 0.029545, -0.0191998
1029, 0.032655, -0.0191998
1030, 0.035765, -0.0191998
1031, 0.038875, -0.0191998
1032, 0.041985, -0.0191998
1033, 0.045095, -0.0191998
1034, 0.048205, -0.0191998
1035, 0.051315, -0.0191998
1036, 0.054425, -0.0191998
1037, 0.057535, -0.0191998
1038, 0.060645, -0.0191998
1039, 0.063755, -0.0191998
1040, 0.066865, -0.0191998
1041, 0.069975, -0.0191998
1042, 0.073085, -0.0191998
1043, 0.076195, -0.0191998
1044, 0.079305, -0.0191998
1045, 0.082415, -0.0191998
1046, 0.085525, -0.0191998
1047, 0.088635, -0.0191998
1048, 0.091745, -0.0191998
1049, 0.094855, -0.0191998
1050, 0.00311, -0.0165065
1051, 0.00622, -0.0165065
1052, 0.00933, -0.0165065
1053, 0.01244, -0.0165065
1054, 0.01555, -0.0165065
1055, 0.01866, -0.0165065
1056, 0.02177, -0.0165065
1057, 0.02488, -0.0165065
1058, 0.02799, -0.0165065
1059, 0.0311, -0.0165065
1060, 0.03421, -0.0165065
1061, 0.03732, -0.0165065
1062, 0.04043, -0.0165065
1063, 0.04354, -0.0165065
1064, 0.04665, -0.0165065
1065, 0.04976, -0.0165065
1066, 0.05287, -0.0165065
1067, 0.05598, -0.0165065
1068, 0.05909, -0.0165065
1069, 0.0622, -0.0165065
1070, 0.06531, -0.0165065
1071, 0.06842, -0.0165065
1072, 0.07153, -0.0165065
1073, 0.07464, -0.0165065
1074, 0.07775, -0.0165065
1075, 0.08086, -0.0165065
1076, 0.08397, -0.0165065
1077, 0.08708, -0.0165065
1078, 0.09019, -0.0165065
1079, 0.0933, -0.0165065
1080, 0.09641, -0.0165065
1081, 0.004665, -0.0138132
1082, 0.007775, -0.0138132
1083, 0.010885, -0.0138132
1084, 0.013995, -0.0138132
1085, 0.017105, -0.0138132
1086, 0.020215, -0.0138132
1087, 0.023325, -0.0138132
1088, 0.026435, -0.0138132
1089, 0.029545, -0.0138132
1090, 0.032655, -0.0138132
1091, 0.035765, -0.0138132
1092, 0.038875, -0.0138132
1093, 0.041985, -0.0138132
1094, 0.045095, -0.0138132
1095, 0.048205, -0.0138132
1096, 0.051315, -0.0138132
1097, 0.054425, -0.0138132
1098, 0.057535, -0.0138132
1099, 0.060645, -0.0138132
1100, 0.063755, -0.0138132
1101, 0.066865, -0.0138132
1102, 0.069975, -0.0138132
1103, 0.073085, -0.0138132
1104, 0.076195, -0.0138132
1105, 0.079305, -0.0138132
1106, 0.082415, -0.0138132
1107, 0.085525, -0.0138132
1108, 0.088635, -0.0138132
1109, 0.091745, -0.0138132
1110, 0.094855, -0.0138132
1111, 0.097965, -0.0138132
1112, 0.00311, -0.0111198
1113, 0.00622, -0.0111198
1114, 0.00933, -0.0111198
1115, 0.01244, -0.0111198
1116, 0.01555, -0.0111198
1117, 0.01866, -0.0111198
1118, 0.02177, -0.0111198
1119, 0.02488, -0.0111198
1120, 0.02799, -0.0111198
1121, 0.0311, -0.0111198
1122, 0.03421, -0.0111198
1123, 0.03732, -0.0111198
1124, 0.04043, -0.0111198
1125, 0.04354, -0.0111198
1126, 0.04665, -0.0111198
1127, 0.04976, -0.0111198
1128, 0.05287, -0.0111198
1129, 0.05598, -0.0111198
1130, 0.05909, -0.0111198
1131, 0.0622, -0.0111198
1132, 0.06531, -0.0111198
1133, 0.06842, -0.0111198
1134, 0.07153, -0.0111198
1135, 0.07464, -0.0111198
1136, 0.07775, -0.0111198
1137, 0.08086, -0.0111198
1138, 0.08397, -0.0111198
1139, 0.08708, -0.0111198
1140, 0.09019, -0.0111198
1141, 0.0933, -0.0111198
1142, 0.09641, -0.0111198
1143, 0.004665, -0.0084265
1144, 0.007775, -0.0084265
1145, 0.010885, -0.0084265
1146, 0.013995, -0.0084265
1147, 0.017105, -0.0084265
1148, 0.020215, -0.0084265
1149, 0.023325, -0.0084265
1150, 0.026435, -0.0084265
1151, 0.029545, -0.0084265
1152, 0.032655, -0.0084265
1153, 0.035765, -0.0084265
1154, 0.038875, -0.0084265
1155, 0.041985, -0.0084265
1156, 0.045095, -0.0084265
1157, 0.048205, -0.0084265
1158, 0.051315, -0.0084265
1159, 0.054425, -0.0084265
1160, 0.057535, -0.0084265
1161, 0.060645, -0.0084265
1162, 0.063755, -0.0084265
1163, 0.066865, -0.0084265
1164, 0.069975, -0.0084265
1165, 0.073085, -0.0084265
1166, 0.076195, -0.0084265
1167, 0.079305, -0.0084265
1168, 0.082415, -0.0084265
1169, 0.085525, -0.0084265
1170, 0.088635, -0.0084265
1171, 0.091745, -0.0084265
1172, 0.094855, -0.0084265
1173, 0.097965, -0.0084265
1174, 0.00311, -0.00573316
1175, 0.00622, -0.00573316
1176, 0.00933, -0.00573316
1177, 0.01244, -0.00573316
1178, 0.01555, -0.00573316
1179, 0.01866, -0.00573316
1180, 0.02177, -0.00573316
1181, 0.02488, -0.00573316
1182, 0.02799, -0.00573316
1183, 0.0311, -0.00573316
1184, 0.03421, -0.00573316
1185, 0.03732, -0.00573316
1186, 0.04043, -0.00573316
1187, 0.04354, -0.00573316
1188, 0.04665, -0.00573316
1189, 0.04976, -0.00573316
1190, 0.05287, -0.00573316
1191, 0.05598, -0.00573316
1192, 0.05909, -0.00573316
1193, 0.0622, -0.00573316
1194, 0.06531, -0.00573316
1195, 0.06842, -0.00573316
1196, 0.07153, -0.00573316
1197, 0.07464, -0.00573316
1198, 0.07775, -0.00573316
1199, 0.08086, -0.00573316
1200, 0.08397, -0.00573316
1201, 0.08708, -0.00573316
1202, 0.09019, -0.00573316
1203, 0.0933, -0.00573316
1204, 0.09641, -0.00573316
1205, 0.004665, -0.00303983
1206, 0.007775, -0.00303983
1207, 0.010885, -0.00303983
1208, 0.013995, -0.00303983
1209, 0.017105, -0.00303983
1210, 0.020215, -0.00303983
1211, 0.023325, -0.00303983
1212, 0.026435, -0.00303983
1213, 0.029545, -0.00303983
1214, 0.032655, -0.00303983
1215, 0.035765, -0.00303983
1216, 0.038875, -0.00303983
1217, 0.041985, -0.00303983
1218, 0.045095, -0.00303983
1219, 0.048205, -0.00303983
1220, 0.051315, -0.00303983
1221, 0.054425, -0.00303983
1222, 0.057535, -0.00303983
1223, 0.060645, -0.00303983
1224, 0.063755, -0.00303983
1225, 0.066865, -0.00303983
1226, 0.069975, -0.00303983
1227, 0.073085, -0.00303983
1228, 0.076195, -0.00303983
1229, 0.079305, -0.00303983
1230, 0.082415, -0.00303983
1231, 0.085525, -0.00303983
1232, 0.088635, -0.00303983
1233, 0.091745, -0.00303983
1234, 0.094855, -0.00303983
*Triangles
0, 0, 1, 127
1, 1, 2, 1205
2, 1, 1205, 127
3, 1205, 2, 1206
4, 1205, 1206, 1175
5, 1205, 1175, 1174
6, 1205, 1174, 127
7, 1174, 1175, 1143
8, 1143, 1175, 1144
9, 1143, 1144, 1113
10, 1143, 1113, 1112
11, 1112, 1113, 1081
12, 1081, 1113, 1082
13, 1081, 1082, 1051
14, 1081, 1051, 1050
15, 1050, 1051, 1020
16, 1020, 1051, 1021
17, 1020, 1021, 990
18, 1020, 990, 989
19, 989, 990, 959
20, 959, 990, 960
21, 959, 960, 929
22, 959, 929, 928
23, 928, 929, 897
24, 897, 929, 898
25, 897, 898, 867
26, 897, 867, 866
27, 866, 867, 835
28, 835, 867, 836
29, 835, 836, 805
30, 835, 805, 804
31, 804, 805, 774
32, 774, 805, 775
33, 774, 775, 744
34, 774, 744, 743
35, 743, 744, 713
36, 713, 744, 714
37, 713, 714, 683
38, 713, 683, 682
39, 682, 683, 651
40, 651, 683, 652
41, 651, 652, 621
42, 651, 621, 620
43, 620, 621, 590
44, 590, 621, 591
45, 590, 591, 560
46, 590, 560, 559
47, 559, 560, 529
48, 529, 560, 530
49, 529, 530, 499
50, 529, 499, 498
51, 498, 499, 467
52, 467, 499, 468
53, 467, 468, 437
54, 467, 437, 436
55, 436, 437, 405
56, 405, 437, 406
57, 405, 406, 375
58, 405, 375, 374
59, 374, 375, 344
60, 344, 375, 345
61, 344, 345, 314
62, 344, 314, 313
63, 313, 314, 283
64, 283, 314, 284
65, 283, 284, 253
66, 283, 253, 252
67, 252, 253, 221
68, 221, 253, 222
69, 221, 222, 191
70, 221, 191, 190
71, 190, 191, 159
72, 159, 191, 160
73, 159, 160, 129
74, 159, 129, 128
75, 129, 160, 130
76, 130, 160, 161
77, 130, 161, 131
78, 131, 161, 162
79, 131, 162, 132
80, 132, 162, 163
81, 132, 163, 133
82, 133, 163, 164
83, 133, 164, 134
84, 134, 164, 165
85, 134, 165, 135
86, 135, 165, 166
87, 135, 166, 136
88, 136, 166, 167
89, 136, 167, 137
90, 137, 167, 168
91, 137, 168, 138
92, 138, 168, 169
93, 138, 169, 139
94, 139, 169, 170
95, 139, 170, 140
96, 140, 170, 171
97, 140, 171, 141
98, 141, 171, 172
99, 141, 172, 142
100, 142, 172, 173
101, 142, 173, 143
102, 143, 173, 174
103, 143, 174, 144
104, 144, 174, 175
105, 144, 175, 145
106, 145, 175, 176
107, 145, 176, 146
108, 146, 176, 177
109, 146, 177, 147
110, 147, 177, 178
111, 147, 178, 148
112, 148, 178, 179
113, 148, 179, 149
114, 149, 179, 180
115, 149, 180, 150
116, 150, 180, 181
117, 150, 181, 151
118, 151, 181, 182
119, 151, 182, 152
120, 152, 182, 183
121, 152, 183, 153
122, 153, 183, 184
123, 153, 184, 154
124, 154, 184, 185
125, 154, 185, 155
126, 155, 185, 186
127, 155, 186, 156
128, 156, 186, 187
129, 156, 187, 157
130, 157, 187, 188
131, 157, 188, 158
132, 158, 188, 189
133, 189, 188, 220
134, 220, 188, 219
135, 220, 219, 250
136, 220, 250, 251
137, 251, 250, 282
138, 282, 250, 281
139, 282, 281, 312
140, 312, 281, 311
141, 312, 311, 342
142, 312, 342, 343
143, 343, 342, 373
144, 373, 342, 372
145, 373, 372, 403
146, 373, 403, 404
147, 404, 403, 434
148, 404, 434, 435
149, 435, 434, 466
150, 466, 434, 465
151, 466, 465, 496
152, 466, 496, 497
153, 497, 496, 528
154, 528, 496, 527
155, 528, 527, 558
156, 558, 527, 557
157, 558, 557, 588
158, 558, 588, 589
159, 589, 588, 619
160, 619, 588, 618
161, 619, 618, 649
162, 619, 649, 650
163, 650, 649, 680
164, 650, 680, 681
165, 681, 680, 712
166, 712, 680, 711
167, 712, 711, 742
168, 742, 711, 741
169, 742, 741, 772
170, 742, 772, 773
171, 773, 772, 803
172, 803, 772, 802
173, 803, 802, 833
174, 803, 833, 834
175, 834, 833, 864
176, 834, 864, 865
177, 865, 864, 896
178, 896, 864, 895
179, 896, 895, 926
180, 896, 926, 927
181, 927, 926, 958
182, 958, 926, 957
183, 958, 957, 988
184, 988, 957, 987
185, 988, 987, 1018
186, 988, 1018, 1019
187, 1019, 1018, 1049
188, 1049, 1018, 1048
189, 1049, 1048, 1079
190, 1049, 1079, 1080
191, 1080, 1079, 1110
192, 1080, 1110, 1111
193, 1111, 1110, 1142
194, 1142, 1110, 1141
195, 1142, 1141, 1172
196, 1142, 1172, 1173
197, 1173, 1172, 1204
198, 1204, 1172, 1203
199, 1204, 1203, 1234
200, 1234, 1203, 1233
201, 1233, 1203, 1202
202, 1233, 1202, 1232
203, 1232, 1202, 1201
204, 1232, 1201, 1231
205, 1231, 1201, 1200
206, 1231, 1200, 1230
207, 1230, 1200, 1199
208, 1230, 1199, 1229
209, 1229, 1199, 1198
210, 1229, 1198, 1228
211, 1228, 1198, 1197
212, 1228, 1197, 1227
213, 1227, 1197, 1196
214, 1227, 1196, 1226
215, 1226, 1196, 1195
216, 1226, 1195, 1225
217, 1225, 1195, 1194
218, 1225, 1194, 1224
219, 1224, 1194, 1193
220, 1224, 1193, 1223
221, 1223, 1193, 1192
222, 1223, 1192, 1222
223, 1222, 1192, 1191
224, 1222, 1191, 1221
225, 1221, 1191, 1190
226, 1221, 1190, 1220
227, 1220, 1190, 1189
228, 1220, 1189, 1219
229, 1219, 1189, 1188
230, 1219, 1188, 1218
231, 1218, 1188, 1187
232, 1218, 1187, 1217
233, 1217, 1187, 1186
234, 1217, 1186, 1216
235, 1216, 1186, 1185
236, 1216, 1185, 1215
237, 1215, 1185, 1184
238, 1215, 1184, 1214
239, 1214, 1184, 1183
240, 1214, 1183, 1213
241, 1213, 1183, 1182
242, 1213, 1182, 1212
243, 1212, 1182, 1181
244, 1212, 1181, 1211
245, 1211, 1181, 1180
246, 1211, 1180, 1210
247, 1210, 1180, 1179
248, 1210, 1179, 1209
249, 1209, 1179, 1178
250, 1209, 1178, 1208
251, 1208, 1178, 1177
252, 1208, 1177, 1207
253, 1207, 1177, 1176
254, 1176, 1177, 1145
255, 1145, 1177, 1146
256, 1145, 1146, 1115
257, 1145, 1115, 1114
258, 1114, 1115, 1083
259, 1083, 1115, 1084
260, 1083, 1084, 1053
261, 1083, 1053, 1052
262, 1052, 1053, 1022
263, 1022, 1053, 1023
264, 1022, 1023, 992
265, 1022, 992, 991
266, 991, 992, 961
267, 961, 992, 962
268, 961, 962, 931
269, 961, 931, 930
270, 930, 931, 899
271, 899, 931, 900
272, 899, 900, 869
273, 899, 869, 868
274, 868, 869, 837
275, 837, 869, 838
276, 837, 838, 807
277, 837, 807, 806
278, 806, 807, 776
279, 776, 807, 777
280, 776, 777, 746
281, 776, 746, 745
282, 745, 746, 715
283, 715, 746, 716
284, 715, 716, 685
285, 715, 685, 684
286, 684, 685, 653
287, 653, 685, 654
288, 653, 654, 623
289, 653, 623, 622
290, 622, 623, 592
291, 592, 623, 593
292, 592, 593, 562
293, 592, 562, 561
294, 561, 562, 531
295, 531, 562, 532
296, 531, 532, 501
297, 531, 501, 500
298, 500, 501, 469
299, 469, 501, 470
300, 469, 470, 439
301, 469, 439, 438
302, 438, 439, 407
303, 407, 439, 408
304, 407, 408, 377
305, 407, 377, 376
306, 376, 377, 346
307, 346, 377, 347
308, 346, 347, 316
309, 346, 316, 315
310, 315, 316, 285
311, 285, 316, 286
312, 285, 286, 255
313, 285, 255, 254
314, 254, 255, 223
315, 223, 255, 224
316, 223, 224, 193
317, 223, 193, 192
318, 193, 224, 194
319, 194, 224, 225
320, 194, 225, 195
321, 195, 225, 226
322, 195, 226, 196
323, 196, 226, 227
324, 196, 227, 197
325, 197, 227, 228
326, 197, 228, 198
327, 198, 228, 229
328, 198, 229, 199
329, 199, 229, 230
330, 199, 230, 200
331, 200, 230, 231
332, 200, 231, 201
333, 201, 231, 232
334, 201, 232, 202
335, 202, 232, 233
336, 202, 233, 203
337, 203, 233, 234
338, 203, 234, 204
339, 204, 234, 235
340, 204, 235, 205
341, 205, 235, 236
342, 205, 236, 206
343, 206, 236, 237
344, 206, 237, 207
345, 207, 237, 238
346, 207, 238, 208
347, 208, 238, 239
348, 208, 239, 209
349, 209, 239, 240
350, 209, 240, 210
351, 210, 240, 241
352, 210, 241, 211
353, 211, 241, 242
354, 211, 242, 212
355, 212, 242, 243
356, 212, 243, 213
357, 213, 243, 244
358, 213, 244, 214
359, 214, 244, 245
360, 214, 245, 215
361, 215, 245, 246
362, 215, 246, 216
363, 216, 246, 247
364, 216, 247, 217
365, 217, 247, 248
366, 217, 248, 218
367, 218, 248, 249
368, 249, 248, 280
369, 280, 248, 279
370, 280, 279, 310
371, 310, 279, 309
372, 310, 309, 340
373, 310, 340, 341
374, 341, 340, 371
375, 371, 340, 370
376, 371, 370, 401
377, 371, 401, 402
378, 402, 401, 432
379, 402, 432, 433
380, 433, 432, 464
381, 464, 432, 463
382, 464, 463, 494
383, 464, 494, 495
384, 495, 494, 526
385, 526, 494, 525
386, 526, 525, 556
387, 556, 525, 555
388, 556, 555, 586
389, 556, 586, 587
390, 587, 586, 617
391, 617, 586, 616
392, 617, 616, 647
393, 617, 647, 648
394, 648, 647, 678
395, 648, 678, 679
396, 679, 678, 710
397, 710, 678, 709
398, 710, 709, 740
399, 740, 709, 739
400, 740, 739, 770
401, 740, 770, 771
402, 771, 770, 801
403, 801, 770, 800
404, 801, 800, 831
405, 801, 831, 832
406, 832, 831, 862
407, 832, 862, 863
408, 863, 862, 894
409, 894, 862, 893
410, 894, 893, 924
411, 894, 924, 925
412, 925, 924, 956
413, 956, 924, 955
414, 956, 955, 986
415, 986, 955, 985
416, 986, 985, 1016
417, 986, 1016, 1017
418, 1017, 1016, 1047
419, 1047, 1016, 1046
420, 1047, 1046, 1077
421, 1047, 1077, 1078
422, 1078, 1077, 1108
423, 1078, 1108, 1109
424, 1109, 1108, 1140
425, 1140, 1108, 1139
426, 1140, 1139, 1170
427, 1140, 1170, 1171
428, 1170, 1139, 1169
429, 1169, 1139, 1138
430, 1169, 1138, 1168
431, 1168, 1138, 1137
432, 1168, 1137, 1167
433, 1167, 1137, 1136
434, 1167, 1136, 1166
435, 1166, 1136, 1135
436, 1166, 1135, 1165
437, 1165, 1135, 1134
438, 1165, 1134, 1164
439, 1164, 1134, 1133
440, 1164, 1133, 1163
441, 1163, 1133, 1132
442, 1163, 1132, 1162
443, 1162, 1132, 1131
444, 1162, 1131, 1161
445, 1161, 1131, 1130
446, 1161, 1130, 1160
447, 1160, 1130, 1129
448, 1160, 1129, 1159
449, 1159, 1129, 1128
450, 1159, 1128, 1158
451, 1158, 1128, 1127
452, 1158, 1127, 1157
453, 1157, 1127, 1126
454, 1157, 1126, 1156
455, 1156, 1126, 1125
456, 1156, 1125, 1155
457, 1155, 1125, 1124
458, 1155, 1124, 1154
459, 1154, 1124, 1123
460, 1154, 1123, 1153
461, 1153, 1123, 1122
462, 1153, 1122, 1152
463, 1152, 1122, 1121
464, 1152, 1121, 1151
465, 1151, 1121, 1120
466, 1151, 1120, 1150
467, 1150, 1120, 1119
468, 1150, 1119, 1149
469, 1149, 1119, 1118
470, 1149, 1118, 1148
471, 1148, 1118, 1117
472, 1148, 1117, 1147
473, 1147, 1117, 1116
474, 1116, 1117, 1085
475, 1085, 1117, 1086
476, 1085, 1086, 1055
477, 1085, 1055, 1054
478, 1054, 1055, 1024
479, 1024, 1055, 1025
480, 1024, 1025, 994
481, 1024, 994, 993
482, 993, 994, 963
483, 963, 994, 964
484, 963, 964, 933
485, 963, 933, 932
486, 932, 933, 901
487, 901, 933, 902
488, 901, 902, 871
489, 901, 871, 870
490, 870, 871, 839
491, 839, 871, 840
492, 839, 840, 809
493, 839, 809, 808
494, 808, 809, 778
495, 778, 809, 779
496, 778, 779, 748
497, 778, 748, 747
498, 747, 748, 717
499, 717, 748, 718
500, 717, 718, 687
501, 717, 687, 686
502, 686, 687, 655
503, 655, 687, 656
504, 655, 656, 625
505, 655, 625, 624
506, 624, 625, 594
507, 594, 625, 595
508, 594, 595, 564
509, 594, 564, 563
510, 563, 564, 533
511, 533, 564, 534
512, 533, 534, 503
513, 533, 503, 502
514, 502, 503, 471
515, 471, 503, 472
516, 471, 472, 441
517, 471, 441, 440
518, 440, 441, 409
519, 409, 441, 410
520, 409, 410, 379
521, 409, 379, 378
522, 378, 379, 348
523, 348, 379, 349
524, 348, 349, 318
525, 348, 318, 317
526, 317, 318, 287
527, 287, 318, 288
528, 287, 288, 257
529, 287, 257, 256
530, 257, 288, 258
531, 258, 288, 289
532, 258, 289, 259
533, 259, 289, 290
534, 259, 290, 260
535, 260, 290, 291
536, 260, 291, 261
537, 261, 291, 292
538, 261, 292, 262
539, 262, 292, 293
540, 262, 293, 263
541, 263, 293, 294
542, 263, 294, 264
543, 264, 294, 295
544, 264, 295, 265
545, 265, 295, 296
546, 265, 296, 266
547, 266, 296, 297
548, 266, 297, 267
549, 267, 297, 298
550, 267, 298, 268
551, 268, 298, 299
552, 268, 299, 269
553, 269, 299, 300
554, 269, 300, 270
555, 270, 300, 301
556, 270, 301, 271
557, 271, 301, 302
558, 271, 302, 272
559, 272, 302, 303
560, 272, 303, 273
561, 273, 303, 304
562, 273, 304, 274
563, 274, 304, 305
564, 274, 305, 275
565, 275, 305, 306
566, 275, 306, 276
567, 276, 306, 307
568, 276, 307, 277
569, 277, 307, 308
570, 277, 308, 278
571, 308, 307, 338
572, 308, 338, 339
573, 339, 338, 369
574, 369, 338, 368
575, 369, 368, 399
576, 369, 399, 400
577, 400, 399, 430
578, 400, 430, 431
579, 431, 430, 462
580, 462, 430, 461
581, 462, 461, 492
582, 462, 492, 493
583, 493, 492, 524
584, 524, 492, 523
585, 524, 523, 554
586, 554, 523, 553
587, 554, 553, 584
588, 554, 584, 585
589, 585, 584, 615
590, 615, 584, 614
591, 615, 614, 645
592, 615, 645, 646
593, 646, 645, 676
594, 646, 676, 677
595, 677, 676, 708
596, 708, 676, 707
597, 708, 707, 738
598, 738, 707, 737
599, 738, 737, 768
600, 738, 768, 769
601, 769, 768, 799
602, 799, 768, 798
603, 799, 798, 829
604, 799, 829, 830
605, 830, 829, 860
606, 830, 860, 861
607, 861, 860, 892
608, 892, 860, 891
609, 892, 891, 922
610, 892, 922, 923
611, 923, 922, 954
612, 954, 922, 953
613, 954, 953, 984
614, 984, 953, 983
615, 984, 983, 1014
616, 984, 1014, 1015
617, 1015, 1014, 1045
618, 1045, 1014, 1044
619, 1045, 1044, 1075
620, 1045, 1075, 1076
621, 1076, 1075, 1106
622, 1076, 1106, 1107
623, 1106, 1075, 1105
624, 1105, 1075, 1074
625, 1105, 1074, 1104
626, 1104, 1074, 1073
627, 1104, 1073, 1103
628, 1103, 1073, 1072
629, 1103, 1072, 1102
630, 1102, 1072, 1071
631, 1102, 1071, 1101
632, 1101, 1071, 1070
633, 1101, 1070, 1100
634, 1100, 1070, 1069
635, 1100, 1069, 1099
636, 1099, 1069, 1068
637, 1099, 1068, 1098
638, 1098, 1068, 1067
639, 1098, 1067, 1097
640, 1097, 1067, 1066
641, 1097, 1066, 1096
642, 1096, 1066, 1065
643, 1096, 1065, 1095
644, 1095, 1065, 1064
645, 1095, 1064, 1094
646, 1094, 1064, 1063
647, 1094, 1063, 1093
648, 1093, 1063, 1062
649, 1093, 1062, 1092
650, 1092, 1062, 1061
651, 1092, 1061, 1091
652, 1091, 1061, 1060
653, 1091, 1060, 1090
654, 1090, 1060, 1059
655, 1090, 1059, 1089
656, 1089, 1059, 1058
657, 1089, 1058, 1088
658, 1088, 1058, 1057
659, 1088, 1057, 1087
660, 1087, 1057, 1056
661, 1056, 1057, 1026
662, 1026, 1057, 1027
663, 1026, 1027, 996
664, 1026, 996, 995
665, 995, 996, 965
666, 965, 996, 966
667, 965, 966, 935
668, 965, 935, 934
669, 934, 935, 903
670, 903, 935, 904
671, 903, 904, 873
672, 903, 873, 872
673, 872, 873, 841
674, 841, 873, 842
675, 841, 842, 811
676, 841, 811, 810
677, 810, 811, 780
678, 780, 811, 781
679, 780, 781, 750
680, 780, 750, 749
681, 749, 750, 719
682, 719, 750, 720
683, 719, 720, 689
684, 719, 689, 688
685, 688, 689, 657
686, 657, 689, 658
687, 657, 658, 627
688, 657, 627, 626
689, 626, 627, 596
690, 596, 627, 597
691, 596, 597, 566
692, 596, 566, 565
693, 565, 566, 535
694, 535, 566, 536
695, 535, 536, 505
696, 535, 505, 504
697, 504, 505, 473
698, 473, 505, 474
699, 473, 474, 443
700, 473, 443, 442
701, 442, 443, 411
702, 411, 443, 412
703, 411, 412, 381
704, 411, 381, 380
705, 380, 381, 350
706, 350, 381, 351
707, 350, 351, 320
708, 350, 320, 319
709, 320, 351, 321
710, 321, 351, 352
711, 321, 352, 322
712, 322, 352, 353
713, 322, 353, 323
714, 323, 353, 354
715, 323, 354, 324
716, 324, 354, 355
717, 324, 355, 325
718, 325, 355, 356
719, 325, 356, 326
720, 326, 356, 357
721, 326, 357, 327
722, 327, 357, 358
723, 327, 358, 328
724, 328, 358, 359
725, 328, 359, 329
726, 329, 359, 360
727, 329, 360, 330
728, 330, 360, 361
729, 330, 361, 331
730, 331, 361, 362
731, 331, 362, 332
732, 332, 362, 363
733, 332, 363, 333
734, 333, 363, 364
735, 333, 364, 334
736, 334, 364, 365
737, 334, 365, 335
738, 335, 365, 366
739, 335, 366, 336
740, 336, 366, 367
741, 336, 367, 337
742, 367, 366, 397
743, 367, 397, 398
744, 398, 397, 428
745, 398, 428, 429
746, 429, 428, 460
747, 460, 428, 459
748, 460, 459, 490
749, 460, 490, 491
750, 491, 490, 522
751, 522, 490, 521
752, 522, 521, 552
753, 552, 521, 551
754, 552, 551, 582
755, 552, 582, 583
756, 583, 582, 613
757, 613, 582, 612
758, 613, 612, 643
759, 613, 643, 644
760, 644, 643, 674
761, 644, 674, 675
762, 675, 674, 706
763, 706, 674, 705
764, 706, 705, 736
765, 736, 705, 735
766, 736, 735, 766
767, 736, 766, 767
768, 767, 766, 797
769, 797, 766, 796
770, 797, 796, 827
771, 797, 827, 828
772, 828, 827, 858
773, 828, 858, 859
774, 859, 858, 890
775, 890, 858, 889
776, 890, 889, 920
777, 890, 920, 921
778, 921, 920, 952
779, 952, 920, 951
780, 952, 951, 982
781, 982, 951, 981
782, 982, 981, 1012
783, 982, 1012, 1013
784, 1013, 1012, 1043
785, 1043, 1012, 1042
786, 1042, 1012, 1011
787, 1042, 1011, 1041
788, 1041, 1011, 1010
789, 1041, 1010, 1040
790, 1040, 1010, 1009
791, 1040, 1009, 1039
792, 1039, 1009, 1008
793, 1039, 1008, 1038
794, 1038, 1008, 1007
795, 1038, 1007, 1037
796, 1037, 1007, 1006
797, 1037, 1006, 1036
798, 1036, 1006, 1005
799, 1036, 1005, 1035
800, 1035, 1005, 1004
801, 1035, 1004, 1034
802, 1034, 1004, 1003
803, 1034, 1003, 1033
804, 1033, 1003, 1002
805, 1033, 1002, 1032
806, 1032, 1002, 1001
807, 1032, 1001, 1031
808, 1031, 1001, 1000
809, 1031, 1000, 1030
810, 1030, 1000, 999
811, 1030, 999, 1029
812, 1029, 999, 998
813, 1029, 998, 1028
814, 1028, 998, 997
815, 997, 998, 967
816, 967, 998, 968
817, 967, 968, 937
818, 967, 937, 936
819, 936, 937, 905
820, 905, 937, 906
821, 905, 906, 875
822, 905, 875, 874
823, 874, 875, 843
824, 843, 875, 844
825, 843, 844, 813
826, 843, 813, 812
827, 812, 813, 782
828, 782, 813, 783
829, 782, 783, 752
830, 782, 752, 751
831, 751, 752, 721
832, 721, 752, 722
833, 721, 722, 691
834, 721, 691, 690
835, 690, 691, 659
836, 659, 691, 660
837, 659, 660, 629
838, 659, 629, 628
839, 628, 629, 598
840, 598, 629, 599
841, 598, 599, 568
842, 598, 568, 567
843, 567, 568, 537
844, 537, 568, 538
845, 537, 538, 507
846, 537, 507, 506
847, 506, 507, 475
848, 475, 507, 476
849, 475, 476, 445
850, 475, 445, 444
851, 444, 445, 413
852, 413, 445, 414
853, 413, 414, 383
854, 413, 383, 382
855, 383, 414, 384
856, 384, 414, 415
857, 384, 415, 385
858, 385, 415, 416
859, 385, 416, 386
860, 386, 416, 417
861, 386, 417, 387
862, 387, 417, 418
863, 387, 418, 388
864, 388, 418, 419
865, 388, 419, 389
866, 389, 419, 420
867, 389, 420, 390
868, 390, 420, 421
869, 390, 421, 391
870, 391, 421, 422
871, 391, 422, 392
872, 392, 422, 423
873, 392, 423, 393
874, 393, 423, 424
875, 393, 424, 394
876, 394, 424, 425
877, 394, 425, 395
878, 395, 425, 426
879, 395, 426, 396
880, 396, 426, 427
881, 427, 426, 458
882, 458, 426, 457
883, 458, 457, 488
884, 458, 488, 489
885, 489, 488, 520
886, 520, 488, 519
887, 520, 519, 550
888, 550, 519, 549
889, 550, 549, 580
890, 550, 580, 581
891, 581, 580, 611
892, 611, 580, 610
893, 611, 610, 641
894, 611, 641, 642
895, 642, 641, 672
896, 642, 672, 673
897, 673, 672, 704
898, 704, 672, 703
899, 704, 703, 734
900, 734, 703, 733
901, 734, 733, 764
902, 734, 764, 765
903, 765, 764, 795
904, 795, 764, 794
905, 795, 794, 825
906, 795, 825, 826
907, 826, 825, 856
908, 826, 856, 857
909, 857, 856, 888
910, 888, 856, 887
911, 888, 887, 918
912, 888, 918, 919
913, 919, 918, 950
914, 950, 918, 949
915, 950, 949, 980
916, 980, 949, 979
917, 979, 949, 948
918, 979, 948, 978
919, 978, 948, 947
920, 978, 947, 977
921, 977, 947, 946
922, 977, 946, 976
923, 976, 946, 945
924, 976, 945, 975
925, 975, 945, 944
926, 975, 944, 974
927, 974, 944, 943
928, 974, 943, 973
929, 973, 943, 942
930, 973, 942, 972
931, 972, 942, 941
932, 972, 941, 971
933, 971, 941, 940
934, 971, 940, 970
935, 970, 940, 939
936, 970, 939, 969
937, 969, 939, 938
938, 938, 939, 907
939, 907, 939, 908
940, 907, 908, 877
941, 907, 877, 876
942, 876, 877, 845
943, 845, 877, 846
944, 845, 846, 815
945, 845, 815, 814
946, 814, 815, 784
947, 784, 815, 785
948, 784, 785, 754
949, 784, 754, 753
950, 753, 754, 723
951, 723, 754, 724
952, 723, 724, 693
953, 723, 693, 692
954, 692, 693, 661
955, 661, 693, 662
956, 661, 662, 631
957, 661, 631, 630
958, 630, 631, 600
959, 600, 631, 601
960, 600, 601, 570
961, 600, 570, 569
962, 569, 570, 539
963, 539, 570, 540
964, 539, 540, 509
965, 539, 509, 508
966, 508, 509, 477
967, 477, 509, 478
968, 477, 478, 447
969, 477, 447, 446
970, 447, 478, 448
971, 448, 478, 479
972, 448, 479, 449
973, 449, 479, 480
974, 449, 480, 450
975, 450, 480, 481
976, 450, 481, 451
977, 451, 481, 482
978, 451, 482, 452
979, 452, 482, 483
980, 452, 483, 453
981, 453, 483, 484
982, 453, 484, 454
983, 454, 484, 485
984, 454, 485, 455
985, 455, 485, 486
986, 455, 486, 456
987, 456, 486, 487
988, 487, 486, 518
989, 518, 486, 517
990, 518, 517, 548
991, 548, 517, 547
992, 548, 547, 578
993, 548, 578, 579
994, 579, 578, 609
995, 609, 578, 608
996, 609, 608, 639
997, 609, 639, 640
998, 640, 639, 670
999, 640, 670, 671
1000, 671, 670, 702
1001, 702, 670, 701
1002, 702, 701, 732
1003, 732, 701, 731
1004, 732, 731, 762
1005, 732, 762, 763
1006, 763, 762, 793
1007, 793, 762, 792
1008, 793, 792, 823
1009, 793, 823, 824
1010, 824, 823, 854
1011, 824, 854, 855
1012, 855, 854, 886
1013, 886, 854, 885
1014, 886, 885, 916
1015, 886, 916, 917
1016, 916, 885, 915
1017, 915, 885, 884
1018, 915, 884, 914
1019, 914, 884, 883
1020, 914, 883, 913
1021, 913, 883, 882
1022, 913, 882, 912
1023, 912, 882, 881
1024, 912, 881, 911
1025, 911, 881, 880
1026, 911, 880, 910
1027, 910, 880, 879
1028, 910, 879, 909
1029, 909, 879, 878
1030, 878, 879, 847
1031, 847, 879, 848
1032, 847, 848, 817
1033, 847, 817, 816
1034, 816, 817, 786
1035, 786, 817, 787
1036, 786, 787, 756
1037, 786, 756, 755
1038, 755, 756, 725
1039, 725, 756, 726
1040, 725, 726, 695
1041, 725, 695, 694
1042, 694, 695, 663
1043, 663, 695, 664
1044, 663, 664, 633
1045, 663, 633, 632
1046, 632, 633, 602
1047, 602, 633, 603
1048, 602, 603, 572
1049, 602, 572, 571
1050, 571, 572, 541
1051, 541, 572, 542
1052, 541, 542, 511
1053, 541, 511, 510
1054, 511, 542, 512
1055, 512, 542, 543
1056, 512, 543, 513
1057, 513, 543, 544
1058, 513, 544, 514
1059, 514, 544, 545
1060, 514, 545, 515
1061, 515, 545, 546
1062, 515, 546, 516
1063, 546, 545, 576
1064, 546, 576, 577
1065, 577, 576, 607
1066, 607, 576, 606
1067, 607, 606, 637
1068, 607, 637, 638
1069, 638, 637, 668
1070, 638, 668, 669
1071, 669, 668, 700
1072, 700, 668, 699
1073, 700, 699, 730
1074, 730, 699, 729
1075, 730, 729, 760
1076, 730, 760, 761
1077, 761, 760, 791
1078, 791, 760, 790
1079, 791, 790, 821
1080, 791, 821, 822
1081, 822, 821, 852
1082, 822, 852, 853
1083, 852, 821, 851
1084, 851, 821, 820
1085, 851, 820, 850
1086, 850, 820, 819
1087, 850, 819, 849
1088, 849, 819, 818
1089, 818, 819, 788
1090, 788, 819, 789
1091, 788, 789, 758
1092, 788, 758, 757
1093, 757, 758, 727
1094, 727, 758, 728
1095, 727, 728, 697
1096, 727, 697, 696
1097, 696, 697, 665
1098, 665, 697, 666
1099, 665, 666, 635
1100, 665, 635, 634
1101, 634, 635, 604
1102, 604, 635, 605
1103, 604, 605, 574
1104, 604, 574, 573
1105, 574, 605, 575
1106, 605, 635, 636
1107, 636, 635, 666
1108, 636, 666, 667
1109, 667, 666, 698
1110, 698, 666, 697
1111, 698, 697, 728
1112, 728, 758, 759
1113, 759, 758, 789
1114, 789, 819, 820
1115, 820, 821, 790
1116, 820, 790, 789
1117, 848, 879, 880
1118, 517, 486, 485
1119, 908, 939, 940
1120, 457, 426, 425
1121, 968, 998, 999
1122, 1011, 1012, 981
1123, 1027, 1057, 1058
1124, 1074, 1075, 1044
1125, 1086, 1117, 1118
1126, 279, 248, 247
1127, 1146, 1177, 1178
1128, 219, 188, 187
1129, 1206, 2, 3
1130, 31, 32, 33
1131, 63, 64, 65
1132, 126, 127, 1174
1133, 126, 1174, 125
1134, 1174, 1143, 125
1135, 1143, 1112, 125
1136, 759, 789, 790
1137, 759, 790, 760
1138, 759, 760, 729
1139, 759, 729, 728
1140, 124, 125, 1112
1141, 124, 1112, 1081
1142, 124, 1081, 123
1143, 1081, 1050, 123
1144, 698, 728, 729
1145, 698, 729, 699
1146, 698, 699, 667
1147, 699, 668, 667
1148, 668, 637, 667
1149, 122, 123, 1050
1150, 122, 1050, 1020
1151, 122, 1020, 989
1152, 122, 989, 121
1153, 636, 667, 637
1154, 636, 637, 606
1155, 636, 606, 605
1156, 120, 121, 989
1157, 120, 989, 959
1158, 120, 959, 928
1159, 120, 928, 119
1160, 928, 897, 119
1161, 575, 605, 606
1162, 575, 606, 576
1163, 575, 576, 545
1164, 575, 545, 544
1165, 575, 544, 574
1166, 544, 543, 574
1167, 118, 119, 897
1168, 118, 897, 866
1169, 118, 866, 117
1170, 866, 835, 117
1171, 835, 804, 117
1172, 573, 574, 543
1173, 573, 543, 542
1174, 573, 542, 572
1175, 573, 572, 603
1176, 573, 603, 604
1177, 116, 117, 804
1178, 116, 804, 115
1179, 804, 774, 115
1180, 774, 743, 115
1181, 634, 604, 603
1182, 634, 603, 633
1183, 634, 633, 664
1184, 634, 664, 665
1185, 114, 115, 743
1186, 114, 743, 113
1187, 743, 713, 113
1188, 713, 682, 113
1189, 696, 665, 664
1190, 696, 664, 695
1191, 696, 695, 726
1192, 696, 726, 727
1193, 112, 113, 682
1194, 112, 682, 651
1195, 112, 651, 111
1196, 651, 620, 111
1197, 757, 727, 726
1198, 757, 726, 756
1199, 757, 756, 787
1200, 757, 787, 788
1201, 110, 111, 620
1202, 110, 620, 590
1203, 110, 590, 559
1204, 110, 559, 109
1205, 818, 788, 787
1206, 818, 787, 817
1207, 818, 817, 848
1208, 818, 848, 849
1209, 848, 880, 849
1210, 880, 881, 849
1211, 108, 109, 559
1212, 108, 559, 529
1213, 108, 529, 498
1214, 108, 498, 107
1215, 850, 849, 881
1216, 850, 881, 882
1217, 850, 882, 851
1218, 882, 883, 851
1219, 106, 107, 498
1220, 106, 498, 467
1221, 106, 467, 436
1222, 106, 436, 105
1223, 436, 405, 105
1224, 405, 374, 105
1225, 852, 851, 883
1226, 852, 883, 884
1227, 852, 884, 853
1228, 884, 885, 853
1229, 885, 854, 853
1230, 854, 823, 853
1231, 104, 105, 374
1232, 104, 374, 103
1233, 374, 344, 103
1234, 344, 313, 103
1235, 822, 853, 823
1236, 822, 823, 792
1237, 822, 792, 791
1238, 102, 103, 313
1239, 102, 313, 101
1240, 313, 283, 101
1241, 283, 252, 101
1242, 761, 791, 792
1243, 761, 792, 762
1244, 761, 762, 731
1245, 761, 731, 730
1246, 100, 101, 252
1247, 100, 252, 221
1248, 100, 221, 99
1249, 221, 190, 99
1250, 700, 730, 731
1251, 700, 731, 701
1252, 700, 701, 669
1253, 701, 670, 669
1254, 670, 639, 669
1255, 98, 99, 190
1256, 98, 190, 159
1257, 98, 159, 128
1258, 98, 128, 97
1259, 638, 669, 639
1260, 638, 639, 608
1261, 638, 608, 607
1262, 96, 97, 128
1263, 96, 128, 95
1264, 128, 129, 95
1265, 577, 607, 608
1266, 577, 608, 578
1267, 577, 578, 547
1268, 577, 547, 546
1269, 94, 95, 129
1270, 94, 129, 130
1271, 94, 130, 93
1272, 130, 131, 93
1273, 516, 546, 547
1274, 516, 547, 517
1275, 516, 517, 485
1276, 516, 485, 484
1277, 516, 484, 515
1278, 484, 483, 515
1279, 92, 93, 131
1280, 92, 131, 132
1281, 92, 132, 91
1282, 132, 133, 91
1283, 514, 515, 483
1284, 514, 483, 482
1285, 514, 482, 513
1286, 482, 481, 513
1287, 90, 91, 133
1288, 90, 133, 134
1289, 90, 134, 89
1290, 134, 135, 89
1291, 512, 513, 481
1292, 512, 481, 480
1293, 512, 480, 511
1294, 480, 479, 511
1295, 88, 89, 135
1296, 88, 135, 136
1297, 88, 136, 87
1298, 136, 137, 87
1299, 510, 511, 479
1300, 510, 479, 478
1301, 510, 478, 509
1302, 510, 509, 540
1303, 510, 540, 541
1304, 86, 87, 137
1305, 86, 137, 138
1306, 86, 138, 85
1307, 138, 139, 85
1308, 571, 541, 540
1309, 571, 540, 570
1310, 571, 570, 601
1311, 571, 601, 602
1312, 84, 85, 139
1313, 84, 139, 140
1314, 84, 140, 83
1315, 140, 141, 83
1316, 632, 602, 601
1317, 632, 601, 631
1318, 632, 631, 662
1319, 632, 662, 663
1320, 82, 83, 141
1321, 82, 141, 142
1322, 82, 142, 81
1323, 142, 143, 81
1324, 694, 663, 662
1325, 694, 662, 693
1326, 694, 693, 724
1327, 694, 724, 725
1328, 80, 81, 143
1329, 80, 143, 144
1330, 80, 144, 79
1331, 144, 145, 79
1332, 755, 725, 724
1333, 755, 724, 754
1334, 755, 754, 785
1335, 755, 785, 786
1336, 78, 79, 145
1337, 78, 145, 146
1338, 78, 146, 77
1339, 146, 147, 77
1340, 816, 786, 785
1341, 816, 785, 815
1342, 816, 815, 846
1343, 816, 846, 847
1344, 76, 77, 147
1345, 76, 147, 148
1346, 76, 148, 75
1347, 148, 149, 75
1348, 878, 847, 846
1349, 878, 846, 877
1350, 878, 877, 908
1351, 878, 908, 909
1352, 908, 940, 909
1353, 940, 941, 909
1354, 74, 75, 149
1355, 74, 149, 150
1356, 74, 150, 73
1357, 150, 151, 73
1358, 910, 909, 941
1359, 910, 941, 942
1360, 910, 942, 911
1361, 942, 943, 911
1362, 72, 73, 151
1363, 72, 151, 152
1364, 72, 152, 71
1365, 152, 153, 71
1366, 912, 911, 943
1367, 912, 943, 944
1368, 912, 944, 913
1369, 944, 945, 913
1370, 70, 71, 153
1371, 70, 153, 154
1372, 70, 154, 69
1373, 154, 155, 69
1374, 914, 913, 945
1375, 914, 945, 946
1376, 914, 946, 915
1377, 946, 947, 915
1378, 68, 69, 155
1379, 68, 155, 156
1380, 68, 156, 67
1381, 156, 157, 67
1382, 916, 915, 947
1383, 916, 947, 948
1384, 916, 948, 917
1385, 948, 949, 917
1386, 949, 918, 917
1387, 918, 887, 917
1388, 66, 67, 157
1389, 66, 157, 158
1390, 66, 158, 65
1391, 886, 917, 887
1392, 886, 887, 855
1393, 887, 856, 855
1394, 856, 825, 855
1395, 63, 65, 158
1396, 63, 158, 189
1397, 63, 189, 62
1398, 189, 220, 62
1399, 824, 855, 825
1400, 824, 825, 794
1401, 824, 794, 793
1402, 61, 62, 220
1403, 61, 220, 251
1404, 61, 251, 60
1405, 251, 282, 60
1406, 763, 793, 794
1407, 763, 794, 764
1408, 763, 764, 733
1409, 763, 733, 732
1410, 59, 60, 282
1411, 59, 282, 312
1412, 59, 312, 343
1413, 59, 343, 58
1414, 702, 732, 733
1415, 702, 733, 703
1416, 702, 703, 671
1417, 703, 672, 671
1418, 672, 641, 671
1419, 57, 58, 343
1420, 57, 343, 373
1421, 57, 373, 404
1422, 57, 404, 56
1423, 404, 435, 56
1424, 640, 671, 641
1425, 640, 641, 610
1426, 640, 610, 609
1427, 55, 56, 435
1428, 55, 435, 466
1429, 55, 466, 54
1430, 466, 497, 54
1431, 579, 609, 610
1432, 579, 610, 580
1433, 579, 580, 549
1434, 579, 549, 548
1435, 53, 54, 497
1436, 53, 497, 528
1437, 53, 528, 52
1438, 528, 558, 52
1439, 558, 589, 52
1440, 518, 548, 549
1441, 518, 549, 519
1442, 518, 519, 487
1443, 519, 488, 487
1444, 488, 457, 487
1445, 51, 52, 589
1446, 51, 589, 50
1447, 589, 619, 50
1448, 619, 650, 50
1449, 456, 487, 457
1450, 456, 457, 425
1451, 456, 425, 424
1452, 456, 424, 455
1453, 424, 423, 455
1454, 49, 50, 650
1455, 49, 650, 681
1456, 49, 681, 48
1457, 681, 712, 48
1458, 454, 455, 423
1459, 454, 423, 422
1460, 454, 422, 453
1461, 422, 421, 453
1462, 47, 48, 712
1463, 47, 712, 742
1464, 47, 742, 773
1465, 47, 773, 46
1466, 452, 453, 421
1467, 452, 421, 420
1468, 452, 420, 451
1469, 420, 419, 451
1470, 45, 46, 773
1471, 45, 773, 803
1472, 45, 803, 834
1473, 45, 834, 44
1474, 834, 865, 44
1475, 450, 451, 419
1476, 450, 419, 418
1477, 450, 418, 449
1478, 418, 417, 449
1479, 43, 44, 865
1480, 43, 865, 896
1481, 43, 896, 42
1482, 896, 927, 42
1483, 448, 449, 417
1484, 448, 417, 416
1485, 448, 416, 447
1486, 416, 415, 447
1487, 41, 42, 927
1488, 41, 927, 958
1489, 41, 958, 40
1490, 958, 988, 40
1491, 988, 1019, 40
1492, 446, 447, 415
1493, 446, 415, 414
1494, 446, 414, 445
1495, 446, 445, 476
1496, 446, 476, 477
1497, 39, 40, 1019
1498, 39, 1019, 38
1499, 1019, 1049, 38
1500, 1049, 1080, 38
1501, 508, 477, 476
1502, 508, 476, 507
1503, 508, 507, 538
1504, 508, 538, 539
1505, 37, 38, 1080
1506, 37, 1080, 1111
1507, 37, 1111, 36
1508, 1111, 1142, 36
1509, 569, 539, 538
1510, 569, 538, 568
1511, 569, 568, 599
1512, 569, 599, 600
1513, 35, 36, 1142
1514, 35, 1142, 1173
1515, 35, 1173, 34
1516, 1173, 1204, 34
1517, 630, 600, 599
1518, 630, 599, 629
1519, 630, 629, 660
1520, 630, 660, 661
1521, 33, 34, 1204
1522, 33, 1204, 1234
1523, 33, 1234, 31
1524, 692, 661, 660
1525, 692, 660, 691
1526, 692, 691, 722
1527, 692, 722, 723
1528, 30, 31, 1234
1529, 30, 1234, 1233
1530, 30, 1233, 29
1531, 1233, 1232, 29
1532, 753, 723, 722
1533, 753, 722, 752
1534, 753, 752, 783
1535, 753, 783, 784
1536, 28, 29, 1232
1537, 28, 1232, 1231
1538, 28, 1231, 27
1539, 1231, 1230, 27
1540, 814, 784, 783
1541, 814, 783, 813
1542, 814, 813, 844
1543, 814, 844, 845
1544, 26, 27, 1230
1545, 26, 1230, 1229
1546, 26, 1229, 25
1547, 1229, 1228, 25
1548, 876, 845, 844
1549, 876, 844, 875
1550, 876, 875, 906
1551, 876, 906, 907
1552, 24, 25, 1228
1553, 24, 1228, 1227
1554, 24, 1227, 23
1555, 1227, 1226, 23
1556, 938, 907, 906
1557, 938, 906, 937
1558, 938, 937, 968
1559, 938, 968, 969
1560, 968, 999, 969
1561, 999, 1000, 969
1562, 22, 23, 1226
1563, 22, 1226, 1225
1564, 22, 1225, 21
1565, 1225, 1224, 21
1566, 970, 969, 1000
1567, 970, 1000, 1001
1568, 970, 1001, 971
1569, 1001, 1002, 971
1570, 20, 21, 1224
1571, 20, 1224, 1223
1572, 20, 1223, 19
1573, 1223, 1222, 19
1574, 972, 971, 1002
1575, 972, 1002, 1003
1576, 972, 1003, 973
1577, 1003, 1004, 973
1578, 18, 19, 1222
1579, 18, 1222, 1221
1580, 18, 1221, 17
1581, 1221, 1220, 17
1582, 974, 973, 1004
1583, 974, 1004, 1005
1584, 974, 1005, 975
1585, 1005, 1006, 975
1586, 16, 17, 1220
1587, 16, 1220, 1219
1588, 16, 1219, 15
1589, 1219, 1218, 15
1590, 976, 975, 1006
1591, 976, 1006, 1007
1592, 976, 1007, 977
1593, 1007, 1008, 977
1594, 14, 15, 1218
1595, 14, 1218, 1217
1596, 14, 1217, 13
1597, 1217, 1216, 13
1598, 978, 977, 1008
1599, 978, 1008, 1009
1600, 978, 1009, 979
1601, 1009, 1010, 979
1602, 12, 13, 1216
1603, 12, 1216, 1215
1604, 12, 1215, 11
1605, 1215, 1214, 11
1606, 980, 979, 1010
1607, 980, 1010, 1011
1608, 980, 1011, 981
1609, 980, 981, 950
1610, 981, 951, 950
1611, 10, 11, 1214
1612, 10, 1214, 1213
1613, 10, 1213, 9
1614, 1213, 1212, 9
1615, 919, 950, 951
1616, 919, 951, 920
1617, 919, 920, 889
1618, 919, 889, 888
1619, 8, 9, 1212
1620, 8, 1212, 1211
1621, 8, 1211, 7
1622, 1211, 1210, 7
1623, 857, 888, 889
1624, 857, 889, 858
1625, 857, 858, 827
1626, 857, 827, 826
1627, 827, 796, 826
1628, 6, 7, 1210
1629, 6, 1210, 1209
1630, 6, 1209, 5
1631, 1209, 1208, 5
1632, 795, 826, 796
1633, 795, 796, 765
1634, 796, 766, 765
1635, 766, 735, 765
1636, 4, 5, 1208
1637, 4, 1208, 1207
1638, 4, 1207, 3
1639, 734, 765, 735
1640, 734, 735, 704
1641, 735, 705, 704
1642, 1206, 3, 1207
1643, 1206, 1207, 1176
1644, 1206, 1176, 1175
1645, 673, 704, 705
1646, 673, 705, 674
1647, 673, 674, 643
1648, 673, 643, 642
1649, 643, 612, 642
1650, 1144, 1175, 1176
1651, 1144, 1176, 1145
1652, 1144, 1145, 1114
1653, 1144, 1114, 1113
1654, 611, 642, 612
1655, 611, 612, 581
1656, 612, 582, 581
1657, 582, 551, 581
1658, 1082, 1113, 1114
1659, 1082, 1114, 1083
1660, 1082, 1083, 1052
1661, 1082, 1052, 1051
1662, 550, 581, 551
1663, 550, 551, 520
1664, 551, 521, 520
1665, 1021, 1051, 1052
1666, 1021, 1052, 1022
1667, 1021, 1022, 991
1668, 1021, 991, 990
1669, 489, 520, 521
1670, 489, 521, 490
1671, 489, 490, 459
1672, 489, 459, 458
1673, 960, 990, 991
1674, 960, 991, 961
1675, 960, 961, 930
1676, 960, 930, 929
1677, 427, 458, 459
1678, 427, 459, 428
1679, 427, 428, 397
1680, 427, 397, 396
1681, 397, 366, 396
1682, 366, 365, 396
1683, 898, 929, 930
1684, 898, 930, 899
1685, 898, 899, 868
1686, 898, 868, 867
1687, 395, 396, 365
1688, 395, 365, 364
1689, 395, 364, 394
1690, 364, 363, 394
1691, 836, 867, 868
1692, 836, 868, 837
1693, 836, 837, 806
1694, 836, 806, 805
1695, 393, 394, 363
1696, 393, 363, 362
1697, 393, 362, 392
1698, 362, 361, 392
1699, 775, 805, 806
1700, 775, 806, 776
1701, 775, 776, 745
1702, 775, 745, 744
1703, 391, 392, 361
1704, 391, 361, 360
1705, 391, 360, 390
1706, 360, 359, 390
1707, 714, 744, 745
1708, 714, 745, 715
1709, 714, 715, 684
1710, 714, 684, 683
1711, 389, 390, 359
1712, 389, 359, 358
1713, 389, 358, 388
1714, 358, 357, 388
1715, 652, 683, 684
1716, 652, 684, 653
1717, 652, 653, 622
1718, 652, 622, 621
1719, 387, 388, 357
1720, 387, 357, 356
1721, 387, 356, 386
1722, 356, 355, 386
1723, 591, 621, 622
1724, 591, 622, 592
1725, 591, 592, 561
1726, 591, 561, 560
1727, 385, 386, 355
1728, 385, 355, 354
1729, 385, 354, 384
1730, 354, 353, 384
1731, 530, 560, 561
1732, 530, 561, 531
1733, 530, 531, 500
1734, 530, 500, 499
1735, 383, 384, 353
1736, 383, 353, 352
1737, 383, 352, 382
1738, 352, 351, 382
1739, 351, 381, 382
1740, 381, 412, 382
1741, 468, 499, 500
1742, 468, 500, 469
1743, 468, 469, 438
1744, 468, 438, 437
1745, 413, 382, 412
1746, 413, 412, 444
1747, 412, 443, 444
1748, 443, 474, 444
1749, 406, 437, 438
1750, 406, 438, 407
1751, 406, 407, 376
1752, 406, 376, 375
1753, 475, 444, 474
1754, 475, 474, 506
1755, 474, 505, 506
1756, 505, 536, 506
1757, 345, 375, 376
1758, 345, 376, 346
1759, 345, 346, 315
1760, 345, 315, 314
1761, 537, 506, 536
1762, 537, 536, 567
1763, 536, 566, 567
1764, 566, 597, 567
1765, 284, 314, 315
1766, 284, 315, 285
1767, 284, 285, 254
1768, 284, 254, 253
1769, 598, 567, 597
1770, 598, 597, 628
1771, 597, 627, 628
1772, 627, 658, 628
1773, 222, 253, 254
1774, 222, 254, 223
1775, 222, 223, 192
1776, 222, 192, 191
1777, 659, 628, 658
1778, 659, 658, 690
1779, 658, 689, 690
1780, 689, 720, 690
1781, 160, 191, 192
1782, 160, 192, 161
1783, 192, 193, 161
1784, 721, 690, 720
1785, 721, 720, 751
1786, 720, 750, 751
1787, 750, 781, 751
1788, 162, 161, 193
1789, 162, 193, 194
1790, 162, 194, 163
1791, 194, 195, 163
1792, 782, 751, 781
1793, 782, 781, 812
1794, 781, 811, 812
1795, 811, 842, 812
1796, 164, 163, 195
1797, 164, 195, 196
1798, 164, 196, 165
1799, 196, 197, 165
1800, 843, 812, 842
1801, 843, 842, 874
1802, 842, 873, 874
1803, 873, 904, 874
1804, 166, 165, 197
1805, 166, 197, 198
1806, 166, 198, 167
1807, 198, 199, 167
1808, 905, 874, 904
1809, 905, 904, 936
1810, 904, 935, 936
1811, 935, 966, 936
1812, 168, 167, 199
1813, 168, 199, 200
1814, 168, 200, 169
1815, 200, 201, 169
1816, 967, 936, 966
1817, 967, 966, 997
1818, 966, 996, 997
1819, 996, 1027, 997
1820, 170, 169, 201
1821, 170, 201, 202
1822, 170, 202, 171
1823, 202, 203, 171
1824, 1028, 997, 1027
1825, 1028, 1027, 1058
1826, 1028, 1058, 1059
1827, 1028, 1059, 1029
1828, 1059, 1060, 1029
1829, 172, 171, 203
1830, 172, 203, 204
1831, 172, 204, 173
1832, 204, 205, 173
1833, 1030, 1029, 1060
1834, 1030, 1060, 1061
1835, 1030, 1061, 1031
1836, 1061, 1062, 1031
1837, 174, 173, 205
1838, 174, 205, 206
1839, 174, 206, 175
1840, 206, 207, 175
1841, 1032, 1031, 1062
1842, 1032, 1062, 1063
1843, 1032, 1063, 1033
1844, 1063, 1064, 1033
1845, 176, 175, 207
1846, 176, 207, 208
1847, 176, 208, 177
1848, 208, 209, 177
1849, 1034, 1033, 1064
1850, 1034, 1064, 1065
1851, 1034, 1065, 1035
1852, 1065, 1066, 1035
1853, 178, 177, 209
1854, 178, 209, 210
1855, 178, 210, 179
1856, 210, 211, 179
1857, 1036, 1035, 1066
1858, 1036, 1066, 1067
1859, 1036, 1067, 1037
1860, 1067, 1068, 1037
1861, 180, 179, 211
1862, 180, 211, 212
1863, 180, 212, 181
1864, 212, 213, 181
1865, 1038, 1037, 1068
1866, 1038, 1068, 1069
1867, 1038, 1069, 1039
1868, 1069, 1070, 1039
1869, 182, 181, 213
1870, 182, 213, 214
1871, 182, 214, 183
1872, 214, 215, 183
1873, 1040, 1039, 1070
1874, 1040, 1070, 1071
1875, 1040, 1071, 1041
1876, 1071, 1072, 1041
1877, 184, 183, 215
1878, 184, 215, 216
1879, 184, 216, 185
1880, 216, 217, 185
1881, 1042, 1041, 1072
1882, 1042, 1072, 1073
1883, 1042, 1073, 1043
1884, 1073, 1074, 1043
1885, 1074, 1044, 1043
1886, 186, 185, 217
1887, 186, 217, 218
1888, 186, 218, 187
1889, 1013, 1043, 1044
1890, 1013, 1044, 1014
1891, 1013, 1014, 983
1892, 1013, 983, 982
1893, 219, 187, 218
1894, 219, 218, 249
1895, 219, 249, 250
1896, 952, 982, 983
1897, 952, 983, 953
1898, 952, 953, 921
1899, 953, 922, 921
1900, 922, 891, 921
1901, 281, 250, 249
1902, 281, 249, 280
1903, 281, 280, 311
1904, 280, 310, 311
1905, 310, 341, 311
1906, 890, 921, 891
1907, 890, 891, 859
1908, 891, 860, 859
1909, 860, 829, 859
1910, 342, 311, 341
1911, 342, 341, 372
1912, 341, 371, 372
1913, 371, 402, 372
1914, 828, 859, 829
1915, 828, 829, 798
1916, 828, 798, 797
1917, 403, 372, 402
1918, 403, 402, 433
1919, 403, 433, 434
1920, 767, 797, 798
1921, 767, 798, 768
1922, 767, 768, 737
1923, 767, 737, 736
1924, 465, 434, 433
1925, 465, 433, 464
1926, 465, 464, 495
1927, 465, 495, 496
1928, 706, 736, 737
1929, 706, 737, 707
1930, 706, 707, 675
1931, 707, 676, 675
1932, 676, 645, 675
1933, 527, 496, 495
1934, 527, 495, 526
1935, 527, 526, 557
1936, 526, 556, 557
1937, 556, 587, 557
1938, 644, 675, 645
1939, 644, 645, 614
1940, 644, 614, 613
1941, 588, 557, 587
1942, 588, 587, 618
1943, 587, 617, 618
1944, 617, 648, 618
1945, 583, 613, 614
1946, 583, 614, 584
1947, 583, 584, 553
1948, 583, 553, 552
1949, 649, 618, 648
1950, 649, 648, 679
1951, 649, 679, 680
1952, 522, 552, 553
1953, 522, 553, 523
1954, 522, 523, 491
1955, 523, 492, 491
1956, 492, 461, 491
1957, 711, 680, 679
1958, 711, 679, 710
1959, 711, 710, 741
1960, 710, 740, 741
1961, 740, 771, 741
1962, 460, 491, 461
1963, 460, 461, 429
1964, 461, 430, 429
1965, 430, 399, 429
1966, 772, 741, 771
1967, 772, 771, 802
1968, 771, 801, 802
1969, 801, 832, 802
1970, 398, 429, 399
1971, 398, 399, 368
1972, 398, 368, 367
1973, 833, 802, 832
1974, 833, 832, 863
1975, 833, 863, 864
1976, 337, 367, 368
1977, 337, 368, 338
1978, 337, 338, 307
1979, 337, 307, 306
1980, 337, 306, 336
1981, 306, 305, 336
1982, 895, 864, 863
1983, 895, 863, 894
1984, 895, 894, 925
1985, 895, 925, 926
1986, 335, 336, 305
1987, 335, 305, 304
1988, 335, 304, 334
1989, 304, 303, 334
1990, 957, 926, 925
1991, 957, 925, 956
1992, 957, 956, 987
1993, 956, 986, 987
1994, 986, 1017, 987
1995, 333, 334, 303
1996, 333, 303, 302
1997, 333, 302, 332
1998, 302, 301, 332
1999, 1018, 987, 1017
2000, 1018, 1017, 1048
2001, 1017, 1047, 1048
2002, 1047, 1078, 1048
2003, 331, 332, 301
2004, 331, 301, 300
2005, 331, 300, 330
2006, 300, 299, 330
2007, 1079, 1048, 1078
2008, 1079, 1078, 1109
2009, 1079, 1109, 1110
2010, 329, 330, 299
2011, 329, 299, 298
2012, 329, 298, 328
2013, 298, 297, 328
2014, 1141, 1110, 1109
2015, 1141, 1109, 1140
2016, 1141, 1140, 1171
2017, 1141, 1171, 1172
2018, 327, 328, 297
2019, 327, 297, 296
2020, 327, 296, 326
2021, 296, 295, 326
2022, 1203, 1172, 1171
2023, 1203, 1171, 1202
2024, 1171, 1170, 1202
2025, 325, 326, 295
2026, 325, 295, 294
2027, 325, 294, 324
2028, 294, 293, 324
2029, 1201, 1202, 1170
2030, 1201, 1170, 1169
2031, 1201, 1169, 1200
2032, 1169, 1168, 1200
2033, 323, 324, 293
2034, 323, 293, 292
2035, 323, 292, 322
2036, 292, 291, 322
2037, 1199, 1200, 1168
2038, 1199, 1168, 1167
2039, 1199, 1167, 1198
2040, 1167, 1166, 1198
2041, 321, 322, 291
2042, 321, 291, 290
2043, 321, 290, 320
2044, 290, 289, 320
2045, 1197, 1198, 1166
2046, 1197, 1166, 1165
2047, 1197, 1165, 1196
2048, 1165, 1164, 1196
2049, 319, 320, 289
2050, 319, 289, 288
2051, 319, 288, 318
2052, 319, 318, 349
2053, 319, 349, 350
2054, 1195, 1196, 1164
2055, 1195, 1164, 1163
2056, 1195, 1163, 1194
2057, 1163, 1162, 1194
2058, 380, 350, 349
2059, 380, 349, 379
2060, 380, 379, 410
2061, 380, 410, 411
2062, 1193, 1194, 1162
2063, 1193, 1162, 1161
2064, 1193, 1161, 1192
2065, 1161, 1160, 1192
2066, 442, 411, 410
2067, 442, 410, 441
2068, 442, 441, 472
2069, 442, 472, 473
2070, 1191, 1192, 1160
2071, 1191, 1160, 1159
2072, 1191, 1159, 1190
2073, 1159, 1158, 1190
2074, 504, 473, 472
2075, 504, 472, 503
2076, 504, 503, 534
2077, 504, 534, 535
2078, 1189, 1190, 1158
2079, 1189, 1158, 1157
2080, 1189, 1157, 1188
2081, 1157, 1156, 1188
2082, 565, 535, 534
2083, 565, 534, 564
2084, 565, 564, 595
2085, 565, 595, 596
2086, 1187, 1188, 1156
2087, 1187, 1156, 1155
2088, 1187, 1155, 1186
2089, 1155, 1154, 1186
2090, 626, 596, 595
2091, 626, 595, 625
2092, 626, 625, 656
2093, 626, 656, 657
2094, 1185, 1186, 1154
2095, 1185, 1154, 1153
2096, 1185, 1153, 1184
2097, 1153, 1152, 1184
2098, 688, 657, 656
2099, 688, 656, 687
2100, 688, 687, 718
2101, 688, 718, 719
2102, 1183, 1184, 1152
2103, 1183, 1152, 1151
2104, 1183, 1151, 1182
2105, 1151, 1150, 1182
2106, 749, 719, 718
2107, 749, 718, 748
2108, 749, 748, 779
2109, 749, 779, 780
2110, 1181, 1182, 1150
2111, 1181, 1150, 1149
2112, 1181, 1149, 1180
2113, 1149, 1148, 1180
2114, 810, 780, 779
2115, 810, 779, 809
2116, 810, 809, 840
2117, 810, 840, 841
2118, 1179, 1180, 1148
2119, 1179, 1148, 1147
2120, 1179, 1147, 1178
2121, 872, 841, 840
2122, 872, 840, 871
2123, 872, 871, 902
2124, 872, 902, 903
2125, 1146, 1178, 1147
2126, 1146, 1147, 1116
2127, 1146, 1116, 1115
2128, 934, 903, 902
2129, 934, 902, 933
2130, 934, 933, 964
2131, 934, 964, 965
2132, 1084, 1115, 1116
2133, 1084, 1116, 1085
2134, 1084, 1085, 1054
2135, 1084, 1054, 1053
2136, 995, 965, 964
2137, 995, 964, 994
2138, 995, 994, 1025
2139, 995, 1025, 1026
2140, 1023, 1053, 1054
2141, 1023, 1054, 1024
2142, 1023, 1024, 993
2143, 1023, 993, 992
2144, 1056, 1026, 1025
2145, 1056, 1025, 1055
2146, 1056, 1055, 1086
2147, 1056, 1086, 1087
2148, 1086, 1118, 1087
2149, 1118, 1119, 1087
2150, 962, 992, 993
2151, 962, 993, 963
2152, 962, 963, 932
2153, 962, 932, 931
2154, 1088, 1087, 1119
2155, 1088, 1119, 1120
2156, 1088, 1120, 1089
2157, 1120, 1121, 1089
2158, 900, 931, 932
2159, 900, 932, 901
2160, 900, 901, 870
2161, 900, 870, 869
2162, 1090, 1089, 1121
2163, 1090, 1121, 1122
2164, 1090, 1122, 1091
2165, 1122, 1123, 1091
2166, 838, 869, 870
2167, 838, 870, 839
2168, 838, 839, 808
2169, 838, 808, 807
2170, 1092, 1091, 1123
2171, 1092, 1123, 1124
2172, 1092, 1124, 1093
2173, 1124, 1125, 1093
2174, 777, 807, 808
2175, 777, 808, 778
2176, 777, 778, 747
2177, 777, 747, 746
2178, 1094, 1093, 1125
2179, 1094, 1125, 1126
2180, 1094, 1126, 1095
2181, 1126, 1127, 1095
2182, 716, 746, 747
2183, 716, 747, 717
2184, 716, 717, 686
2185, 716, 686, 685
2186, 1096, 1095, 1127
2187, 1096, 1127, 1128
2188, 1096, 1128, 1097
2189, 1128, 1129, 1097
2190, 654, 685, 686
2191, 654, 686, 655
2192, 654, 655, 624
2193, 654, 624, 623
2194, 1098, 1097, 1129
2195, 1098, 1129, 1130
2196, 1098, 1130, 1099
2197, 1130, 1131, 1099
2198, 593, 623, 624
2199, 593, 624, 594
2200, 593, 594, 563
2201, 593, 563, 562
2202, 1100, 1099, 1131
2203, 1100, 1131, 1132
2204, 1100, 1132, 1101
2205, 1132, 1133, 1101
2206, 532, 562, 563
2207, 532, 563, 533
2208, 532, 533, 502
2209, 532, 502, 501
2210, 1102, 1101, 1133
2211, 1102, 1133, 1134
2212, 1102, 1134, 1103
2213, 1134, 1135, 1103
2214, 470, 501, 502
2215, 470, 502, 471
2216, 470, 471, 440
2217, 470, 440, 439
2218, 1104, 1103, 1135
2219, 1104, 1135, 1136
2220, 1104, 1136, 1105
2221, 1136, 1137, 1105
2222, 408, 439, 440
2223, 408, 440, 409
2224, 408, 409, 378
2225, 408, 378, 377
2226, 1106, 1105, 1137
2227, 1106, 1137, 1138
2228, 1106, 1138, 1107
2229, 1138, 1139, 1107
2230, 1139, 1108, 1107
2231, 1108, 1077, 1107
2232, 347, 377, 378
2233, 347, 378, 348
2234, 347, 348, 317
2235, 347, 317, 316
2236, 1076, 1107, 1077
2237, 1076, 1077, 1046
2238, 1076, 1046, 1045
2239, 286, 316, 317
2240, 286, 317, 287
2241, 286, 287, 256
2242, 286, 256, 255
2243, 1015, 1045, 1046
2244, 1015, 1046, 1016
2245, 1015, 1016, 985
2246, 1015, 985, 984
2247, 224, 255, 256
2248, 224, 256, 225
2249, 256, 257, 225
2250, 954, 984, 985
2251, 954, 985, 955
2252, 954, 955, 923
2253, 955, 924, 923
2254, 924, 893, 923
2255, 226, 225, 257
2256, 226, 257, 258
2257, 226, 258, 227
2258, 258, 259, 227
2259, 892, 923, 893
2260, 892, 893, 861
2261, 893, 862, 861
2262, 862, 831, 861
2263, 228, 227, 259
2264, 228, 259, 260
2265, 228, 260, 229
2266, 260, 261, 229
2267, 830, 861, 831
2268, 830, 831, 800
2269, 830, 800, 799
2270, 230, 229, 261
2271, 230, 261, 262
2272, 230, 262, 231
2273, 262, 263, 231
2274, 769, 799, 800
2275, 769, 800, 770
2276, 769, 770, 739
2277, 769, 739, 738
2278, 232, 231, 263
2279, 232, 263, 264
2280, 232, 264, 233
2281, 264, 265, 233
2282, 708, 738, 739
2283, 708, 739, 709
2284, 708, 709, 677
2285, 709, 678, 677
2286, 678, 647, 677
2287, 234, 233, 265
2288, 234, 265, 266
2289, 234, 266, 235
2290, 266, 267, 235
2291, 646, 677, 647
2292, 646, 647, 616
2293, 646, 616, 615
2294, 236, 235, 267
2295, 236, 267, 268
2296, 236, 268, 237
2297, 268, 269, 237
2298, 585, 615, 616
2299, 585, 616, 586
2300, 585, 586, 555
2301, 585, 555, 554
2302, 238, 237, 269
2303, 238, 269, 270
2304, 238, 270, 239
2305, 270, 271, 239
2306, 524, 554, 555
2307, 524, 555, 525
2308, 524, 525, 493
2309, 525, 494, 493
2310, 494, 463, 493
2311, 240, 239, 271
2312, 240, 271, 272
2313, 240, 272, 241
2314, 272, 273, 241
2315, 462, 493, 463
2316, 462, 463, 431
2317, 463, 432, 431
2318, 432, 401, 431
2319, 242, 241, 273
2320, 242, 273, 274
2321, 242, 274, 243
2322, 274, 275, 243
2323, 400, 431, 401
2324, 400, 401, 370
2325, 400, 370, 369
2326, 244, 243, 275
2327, 244, 275, 276
2328, 244, 276, 245
2329, 276, 277, 245
2330, 339, 369, 370
2331, 339, 370, 340
2332, 339, 340, 309
2333, 339, 309, 308
2334, 246, 245, 277
2335, 246, 277, 278
2336, 246, 278, 247
2337, 278, 308, 309
2338, 278, 309, 279
2339, 278, 279, 247
*Quads
*BC
0, 0, 0, 0
1, 0, 0, 0
2, 0, 0, 0
3, 0, 0, 0
4, 0, 0, 0
5, 0, 0, 0
6, 0, 0, 0
7, 0, 0, 0
8, 0, 0, 0
9, 0, 0, 0
10, 0, 0, 0
11, 0, 0, 0
12, 0, 0, 0
13, 0, 0, 0
14, 0, 0, 0
15, 0, 0, 0
16, 0, 0, 0
17, 0, 0, 0
18, 0, 0, 0
19, 0, 0, 0
20, 0, 0, 0
21, 0, 0, 0
22, 0, 0, 0
23, 0, 0, 0
24, 0, 0, 0
25, 0, 0, 0
26, 0, 0, 0
27, 0, 0, 0
28, 0, 0, 0
29, 0, 0, 0
30, 0, 0, 0
31, 0, 0, 0
32, 0, 0, 0
33, 0, 0, 0
34, 0, 0, 0
35, 0, 0, 0
36, 0, 0, 0
37, 0, 0, 0
38, 0, 0, 0
39, 0, 0, 0
40, 0, 0, 0
41, 0, 0, 0
42, 0, 0, 0
43, 0, 0, 0
44, 0, 0, 0
45, 0, 0, 0
46, 0, 0, 0
47, 0, 0, 0
48, 0, 0, 0
49, 0, 0, 0
50, 0, 0, 0
51, 0, 0, 0
52, 0, 0, 0
53, 0, 0, 0
54, 0, 0, 0
55, 0, 0, 0
56, 0, 0, 0
57, 0, 0, 0
58, 0, 0, 0
59, 0, 0, 0
60, 0, 0, 0
61, 0, 0, 0
62, 0, 0, 0
63, 0, 0, 0
64, 0, 0, 0
65, 0, 0, 0
66, 0, 0, 0
67, 0, 0, 0
68, 0, 0, 0
69, 0, 0, 0
70, 0, 0, 0
71, 0, 0, 0
72, 0, 0, 0
73, 0, 0, 0
74, 0, 0, 0
75, 0, 0, 0
76, 0, 0, 0
77, 0, 0, 0
78, 0, 0, 0
79, 0, 0, 0
80, 0, 0, 0
81, 0, 0, 0
82, 0, 0, 0
83, 0, 0, 0
84, 0, 0, 0
85, 0, 0, 0
86, 0, 0, 0
87, 0, 0, 0
88, 0, 0, 0
89, 0, 0, 0
90, 0, 0, 0
91, 0, 0, 0
92, 0, 0, 0
93, 0, 0, 0
94, 0, 0, 0
95, 0, 0, 0
96, 0, 0, 0
97, 0, 0, 0
98, 0, 0, 0
99, 0, 0, 0
100, 0, 0, 0
101, 0, 0, 0
102, 0, 0, 0
103, 0, 0, 0
104, 0, 0, 0
105, 0, 0, 0
106, 0, 0, 0
107, 0, 0, 0
108, 0, 0, 0
109, 0, 0, 0
110, 0, 0, 0
111, 0, 0, 0
112, 0, 0, 0
113, 0, 0, 0
114, 0, 0, 0
115, 0, 0, 0
116, 0, 0, 0
117, 0, 0, 0
118, 0, 0, 0
119, 0, 0, 0
120, 0, 0, 0
121, 0, 0, 0
122, 0, 0, 0
123, 0, 0, 0
124, 0, 0, 0
125, 0, 0, 0
126, 0, 0, 0
127, 0, 0, 0
