SimulationTime 500
SimulationStepTime 10
Conductivity 25
InitialTemp 0
Density 7800
SpecificHeat 700
Nodes_number 16
Triangle_number 0
Quad_number 9
*Nodes
0, 0.100000001, 0.00499999989
1, 0.0666666701, 0.00499999989
2, 0.0333333351, 0.00499999989
3, 0., 0.00499999989
4, 0.100000001, -0.0283333343
5, 0.0666666701, -0.0283333343
6, 0.0333333351, -0.0283333343
7, 0., -0.0283333343
8, 0.100000001, -0.0616666675
9, 0.0666666701, -0.0616666675
10, 0.0333333351, -0.0616666675
11, 0., -0.0616666675
12, 0.100000001, -0.0949999988
13, 0.0666666701, -0.0949999988
14, 0.0333333351, -0.0949999988
15, 0., -0.0949999988
*Triangles
*Quads
0, 0, 1, 5, 4
1, 1, 2, 6, 5
2, 2, 3, 7, 6
3, 4, 5, 9, 8
4, 5, 6, 10, 9
5, 6, 7, 11, 10
6, 8, 9, 13, 12
7, 9, 10, 14, 13
8, 10, 11, 15, 14
*BC
0, 0, 0, 0
1, 0, 0, 0
2, 0, 0, 0
3, 0, 0, 0
4, 0, 0, 0
7, 0, 0, 0
8, 0, 0, 0
11, 0, 0, 0
12, 0, 0, 0
13, 0, 300, 1200
14, 0, 300, 1200
15, 0, 300, 1200